36609 36620 36612 36614 -120.0 2.5
36644 36647 36649 36651  0.0 0.0
36743 36754 36746 36748 -120.0 2.5
36778 36781 36783 36785  0.0 0.0
36877 36888 36880 36882 -120.0 2.5
36912 36915 36917 36919  0.0 0.0
37011 37022 37014 37016 -120.0 2.5
37046 37049 37051 37053  0.0 0.0
37145 37156 37148 37150 -120.0 2.5
37180 37183 37185 37187  0.0 0.0
37279 37290 37282 37284 -120.0 2.5
37314 37317 37319 37321  0.0 0.0
37413 37424 37416 37418 -120.0 2.5
37448 37451 37453 37455  0.0 0.0
37547 37558 37550 37552 -120.0 2.5
37582 37585 37587 37589  0.0 0.0
37681 37692 37684 37686 -120.0 2.5
37716 37719 37721 37723  0.0 0.0
37815 37826 37818 37820 -120.0 2.5
37850 37853 37855 37857  0.0 0.0
37949 37960 37952 37954 -120.0 2.5
37984 37987 37989 37991  0.0 0.0
38083 38094 38086 38088 -120.0 2.5
38118 38121 38123 38125  0.0 0.0
38217 38228 38220 38222 -120.0 2.5
38252 38255 38257 38259  0.0 0.0
38351 38362 38354 38356 -120.0 2.5
38386 38389 38391 38393  0.0 0.0
38485 38496 38488 38490 -120.0 2.5
38520 38523 38525 38527  0.0 0.0
38619 38630 38622 38624 -120.0 2.5
38654 38657 38659 38661  0.0 0.0
38753 38764 38756 38758 -120.0 2.5
38788 38791 38793 38795  0.0 0.0
38887 38898 38890 38892 -120.0 2.5
38922 38925 38927 38929  0.0 0.0
39021 39032 39024 39026 -120.0 2.5
39056 39059 39061 39063  0.0 0.0
39155 39166 39158 39160 -120.0 2.5
39190 39193 39195 39197  0.0 0.0
39289 39300 39292 39294 -120.0 2.5
39324 39327 39329 39331  0.0 0.0
39423 39434 39426 39428 -120.0 2.5
39458 39461 39463 39465  0.0 0.0
39557 39568 39560 39562 -120.0 2.5
39592 39595 39597 39599  0.0 0.0
39691 39702 39694 39696 -120.0 2.5
39726 39729 39731 39733  0.0 0.0
39825 39836 39828 39830 -120.0 2.5
39860 39863 39865 39867  0.0 0.0
39959 39970 39962 39964 -120.0 2.5
39994 39997 39999 40001  0.0 0.0
40093 40104 40096 40098 -120.0 2.5
40128 40131 40133 40135  0.0 0.0
40227 40238 40230 40232 -120.0 2.5
40262 40265 40267 40269  0.0 0.0
40361 40372 40364 40366 -120.0 2.5
40396 40399 40401 40403  0.0 0.0
40495 40506 40498 40500 -120.0 2.5
40530 40533 40535 40537  0.0 0.0
40629 40640 40632 40634 -120.0 2.5
40664 40667 40669 40671  0.0 0.0
40763 40774 40766 40768 -120.0 2.5
40798 40801 40803 40805  0.0 0.0
40897 40908 40900 40902 -120.0 2.5
40932 40935 40937 40939  0.0 0.0
41031 41042 41034 41036 -120.0 2.5
41066 41069 41071 41073  0.0 0.0
41165 41176 41168 41170 -120.0 2.5
41200 41203 41205 41207  0.0 0.0
41299 41310 41302 41304 -120.0 2.5
41334 41337 41339 41341  0.0 0.0
41433 41444 41436 41438 -120.0 2.5
41468 41471 41473 41475  0.0 0.0
41567 41578 41570 41572 -120.0 2.5
41602 41605 41607 41609  0.0 0.0
41701 41712 41704 41706 -120.0 2.5
41736 41739 41741 41743  0.0 0.0
41835 41846 41838 41840 -120.0 2.5
41870 41873 41875 41877  0.0 0.0
41969 41980 41972 41974 -120.0 2.5
42004 42007 42009 42011  0.0 0.0
42103 42114 42106 42108 -120.0 2.5
42138 42141 42143 42145  0.0 0.0
42237 42248 42240 42242 -120.0 2.5
42272 42275 42277 42279  0.0 0.0
42371 42382 42374 42376 -120.0 2.5
42406 42409 42411 42413  0.0 0.0
42505 42516 42508 42510 -120.0 2.5
42540 42543 42545 42547  0.0 0.0
42639 42650 42642 42644 -120.0 2.5
42674 42677 42679 42681  0.0 0.0
42773 42784 42776 42778 -120.0 2.5
42808 42811 42813 42815  0.0 0.0
42907 42918 42910 42912 -120.0 2.5
42942 42945 42947 42949  0.0 0.0
43041 43052 43044 43046 -120.0 2.5
43076 43079 43081 43083  0.0 0.0
43175 43186 43178 43180 -120.0 2.5
43210 43213 43215 43217  0.0 0.0
43309 43320 43312 43314 -120.0 2.5
43344 43347 43349 43351  0.0 0.0
43443 43454 43446 43448 -120.0 2.5
43478 43481 43483 43485  0.0 0.0
43577 43588 43580 43582 -120.0 2.5
43612 43615 43617 43619  0.0 0.0
43711 43722 43714 43716 -120.0 2.5
43746 43749 43751 43753  0.0 0.0
43845 43856 43848 43850 -120.0 2.5
43880 43883 43885 43887  0.0 0.0
43979 43990 43982 43984 -120.0 2.5
44014 44017 44019 44021  0.0 0.0
44113 44124 44116 44118 -120.0 2.5
44148 44151 44153 44155  0.0 0.0
44247 44258 44250 44252 -120.0 2.5
44282 44285 44287 44289  0.0 0.0
44381 44392 44384 44386 -120.0 2.5
44416 44419 44421 44423  0.0 0.0
44515 44526 44518 44520 -120.0 2.5
44550 44553 44555 44557  0.0 0.0
44649 44660 44652 44654 -120.0 2.5
44684 44687 44689 44691  0.0 0.0
44783 44794 44786 44788 -120.0 2.5
44818 44821 44823 44825  0.0 0.0
44917 44928 44920 44922 -120.0 2.5
44952 44955 44957 44959  0.0 0.0
45051 45062 45054 45056 -120.0 2.5
45086 45089 45091 45093  0.0 0.0
45185 45196 45188 45190 -120.0 2.5
45220 45223 45225 45227  0.0 0.0
45319 45330 45322 45324 -120.0 2.5
45354 45357 45359 45361  0.0 0.0
45453 45464 45456 45458 -120.0 2.5
45488 45491 45493 45495  0.0 0.0
45587 45598 45590 45592 -120.0 2.5
45622 45625 45627 45629  0.0 0.0
45721 45732 45724 45726 -120.0 2.5
45756 45759 45761 45763  0.0 0.0
45855 45866 45858 45860 -120.0 2.5
45890 45893 45895 45897  0.0 0.0
45989 46000 45992 45994 -120.0 2.5
46024 46027 46029 46031  0.0 0.0
46123 46134 46126 46128 -120.0 2.5
46158 46161 46163 46165  0.0 0.0
46257 46268 46260 46262 -120.0 2.5
46292 46295 46297 46299  0.0 0.0
46391 46402 46394 46396 -120.0 2.5
46426 46429 46431 46433  0.0 0.0
46525 46536 46528 46530 -120.0 2.5
46560 46563 46565 46567  0.0 0.0
46659 46670 46662 46664 -120.0 2.5
46694 46697 46699 46701  0.0 0.0
46793 46804 46796 46798 -120.0 2.5
46828 46831 46833 46835  0.0 0.0
46927 46938 46930 46932 -120.0 2.5
46962 46965 46967 46969  0.0 0.0
47061 47072 47064 47066 -120.0 2.5
47096 47099 47101 47103  0.0 0.0
47195 47206 47198 47200 -120.0 2.5
47230 47233 47235 47237  0.0 0.0
47329 47340 47332 47334 -120.0 2.5
47364 47367 47369 47371  0.0 0.0
47463 47474 47466 47468 -120.0 2.5
47498 47501 47503 47505  0.0 0.0
47597 47608 47600 47602 -120.0 2.5
47632 47635 47637 47639  0.0 0.0
47731 47742 47734 47736 -120.0 2.5
47766 47769 47771 47773  0.0 0.0
47865 47876 47868 47870 -120.0 2.5
47900 47903 47905 47907  0.0 0.0
47999 48010 48002 48004 -120.0 2.5
48034 48037 48039 48041  0.0 0.0
48133 48144 48136 48138 -120.0 2.5
48168 48171 48173 48175  0.0 0.0
48267 48278 48270 48272 -120.0 2.5
48302 48305 48307 48309  0.0 0.0
48401 48412 48404 48406 -120.0 2.5
48436 48439 48441 48443  0.0 0.0
48535 48546 48538 48540 -120.0 2.5
48570 48573 48575 48577  0.0 0.0
48669 48680 48672 48674 -120.0 2.5
48704 48707 48709 48711  0.0 0.0
48803 48814 48806 48808 -120.0 2.5
48838 48841 48843 48845  0.0 0.0
48937 48948 48940 48942 -120.0 2.5
48972 48975 48977 48979  0.0 0.0
49071 49082 49074 49076 -120.0 2.5
49106 49109 49111 49113  0.0 0.0
49205 49216 49208 49210 -120.0 2.5
49240 49243 49245 49247  0.0 0.0
49339 49350 49342 49344 -120.0 2.5
49374 49377 49379 49381  0.0 0.0
49473 49484 49476 49478 -120.0 2.5
49508 49511 49513 49515  0.0 0.0
49607 49618 49610 49612 -120.0 2.5
49642 49645 49647 49649  0.0 0.0
49741 49752 49744 49746 -120.0 2.5
49776 49779 49781 49783  0.0 0.0
49875 49886 49878 49880 -120.0 2.5
49910 49913 49915 49917  0.0 0.0
50009 50020 50012 50014 -120.0 2.5
50044 50047 50049 50051  0.0 0.0
50143 50154 50146 50148 -120.0 2.5
50178 50181 50183 50185  0.0 0.0
50277 50288 50280 50282 -120.0 2.5
50312 50315 50317 50319  0.0 0.0
50411 50422 50414 50416 -120.0 2.5
50446 50449 50451 50453  0.0 0.0
50545 50556 50548 50550 -120.0 2.5
50580 50583 50585 50587  0.0 0.0
50679 50690 50682 50684 -120.0 2.5
50714 50717 50719 50721  0.0 0.0
50813 50824 50816 50818 -120.0 2.5
50848 50851 50853 50855  0.0 0.0
50947 50958 50950 50952 -120.0 2.5
50982 50985 50987 50989  0.0 0.0
51081 51092 51084 51086 -120.0 2.5
51116 51119 51121 51123  0.0 0.0
51215 51226 51218 51220 -120.0 2.5
51250 51253 51255 51257  0.0 0.0
51349 51360 51352 51354 -120.0 2.5
51384 51387 51389 51391  0.0 0.0
51483 51494 51486 51488 -120.0 2.5
51518 51521 51523 51525  0.0 0.0
51617 51628 51620 51622 -120.0 2.5
51652 51655 51657 51659  0.0 0.0
51751 51762 51754 51756 -120.0 2.5
51786 51789 51791 51793  0.0 0.0
51885 51896 51888 51890 -120.0 2.5
51920 51923 51925 51927  0.0 0.0
52019 52030 52022 52024 -120.0 2.5
52054 52057 52059 52061  0.0 0.0
52153 52164 52156 52158 -120.0 2.5
52188 52191 52193 52195  0.0 0.0
52287 52298 52290 52292 -120.0 2.5
52322 52325 52327 52329  0.0 0.0
52421 52432 52424 52426 -120.0 2.5
52456 52459 52461 52463  0.0 0.0
52555 52566 52558 52560 -120.0 2.5
52590 52593 52595 52597  0.0 0.0
52689 52700 52692 52694 -120.0 2.5
52724 52727 52729 52731  0.0 0.0
52823 52834 52826 52828 -120.0 2.5
52858 52861 52863 52865  0.0 0.0
52957 52968 52960 52962 -120.0 2.5
52992 52995 52997 52999  0.0 0.0
53091 53102 53094 53096 -120.0 2.5
53126 53129 53131 53133  0.0 0.0
53225 53236 53228 53230 -120.0 2.5
53260 53263 53265 53267  0.0 0.0
53359 53370 53362 53364 -120.0 2.5
53394 53397 53399 53401  0.0 0.0
53493 53504 53496 53498 -120.0 2.5
53528 53531 53533 53535  0.0 0.0
53627 53638 53630 53632 -120.0 2.5
53662 53665 53667 53669  0.0 0.0
53761 53772 53764 53766 -120.0 2.5
53796 53799 53801 53803  0.0 0.0
53895 53906 53898 53900 -120.0 2.5
53930 53933 53935 53937  0.0 0.0
54029 54040 54032 54034 -120.0 2.5
54064 54067 54069 54071  0.0 0.0
54163 54174 54166 54168 -120.0 2.5
54198 54201 54203 54205  0.0 0.0
54297 54308 54300 54302 -120.0 2.5
54332 54335 54337 54339  0.0 0.0
54431 54442 54434 54436 -120.0 2.5
54466 54469 54471 54473  0.0 0.0
54565 54576 54568 54570 -120.0 2.5
54600 54603 54605 54607  0.0 0.0
54699 54710 54702 54704 -120.0 2.5
54734 54737 54739 54741  0.0 0.0
54833 54844 54836 54838 -120.0 2.5
54868 54871 54873 54875  0.0 0.0
54967 54978 54970 54972 -120.0 2.5
55002 55005 55007 55009  0.0 0.0
55101 55112 55104 55106 -120.0 2.5
55136 55139 55141 55143  0.0 0.0
55235 55246 55238 55240 -120.0 2.5
55270 55273 55275 55277  0.0 0.0
55369 55380 55372 55374 -120.0 2.5
55404 55407 55409 55411  0.0 0.0
55503 55514 55506 55508 -120.0 2.5
55538 55541 55543 55545  0.0 0.0
55637 55648 55640 55642 -120.0 2.5
55672 55675 55677 55679  0.0 0.0
55771 55782 55774 55776 -120.0 2.5
55806 55809 55811 55813  0.0 0.0
55905 55916 55908 55910 -120.0 2.5
55940 55943 55945 55947  0.0 0.0
56039 56050 56042 56044 -120.0 2.5
56074 56077 56079 56081  0.0 0.0
56173 56184 56176 56178 -120.0 2.5
56208 56211 56213 56215  0.0 0.0
56307 56318 56310 56312 -120.0 2.5
56342 56345 56347 56349  0.0 0.0
56441 56452 56444 56446 -120.0 2.5
56476 56479 56481 56483  0.0 0.0
56575 56586 56578 56580 -120.0 2.5
56610 56613 56615 56617  0.0 0.0
56709 56720 56712 56714 -120.0 2.5
56744 56747 56749 56751  0.0 0.0
56843 56854 56846 56848 -120.0 2.5
56878 56881 56883 56885  0.0 0.0
56977 56988 56980 56982 -120.0 2.5
57012 57015 57017 57019  0.0 0.0
57111 57122 57114 57116 -120.0 2.5
57146 57149 57151 57153  0.0 0.0
57245 57256 57248 57250 -120.0 2.5
57280 57283 57285 57287  0.0 0.0
57379 57390 57382 57384 -120.0 2.5
57414 57417 57419 57421  0.0 0.0
57513 57524 57516 57518 -120.0 2.5
57548 57551 57553 57555  0.0 0.0
57647 57658 57650 57652 -120.0 2.5
57682 57685 57687 57689  0.0 0.0
57781 57792 57784 57786 -120.0 2.5
57816 57819 57821 57823  0.0 0.0
57915 57926 57918 57920 -120.0 2.5
57950 57953 57955 57957  0.0 0.0
58049 58060 58052 58054 -120.0 2.5
58084 58087 58089 58091  0.0 0.0
58183 58194 58186 58188 -120.0 2.5
58218 58221 58223 58225  0.0 0.0
58317 58328 58320 58322 -120.0 2.5
58352 58355 58357 58359  0.0 0.0
58451 58462 58454 58456 -120.0 2.5
58486 58489 58491 58493  0.0 0.0
58585 58596 58588 58590 -120.0 2.5
58620 58623 58625 58627  0.0 0.0
58719 58730 58722 58724 -120.0 2.5
58754 58757 58759 58761  0.0 0.0
58853 58864 58856 58858 -120.0 2.5
58888 58891 58893 58895  0.0 0.0
58987 58998 58990 58992 -120.0 2.5
59022 59025 59027 59029  0.0 0.0
59121 59132 59124 59126 -120.0 2.5
59156 59159 59161 59163  0.0 0.0
59255 59266 59258 59260 -120.0 2.5
59290 59293 59295 59297  0.0 0.0
59389 59400 59392 59394 -120.0 2.5
59424 59427 59429 59431  0.0 0.0
59523 59534 59526 59528 -120.0 2.5
59558 59561 59563 59565  0.0 0.0
59657 59668 59660 59662 -120.0 2.5
59692 59695 59697 59699  0.0 0.0
59791 59802 59794 59796 -120.0 2.5
59826 59829 59831 59833  0.0 0.0
59925 59936 59928 59930 -120.0 2.5
59960 59963 59965 59967  0.0 0.0
60059 60070 60062 60064 -120.0 2.5
60094 60097 60099 60101  0.0 0.0
60193 60204 60196 60198 -120.0 2.5
60228 60231 60233 60235  0.0 0.0
60327 60338 60330 60332 -120.0 2.5
60362 60365 60367 60369  0.0 0.0
60461 60472 60464 60466 -120.0 2.5
60496 60499 60501 60503  0.0 0.0
60595 60606 60598 60600 -120.0 2.5
60630 60633 60635 60637  0.0 0.0
60729 60740 60732 60734 -120.0 2.5
60764 60767 60769 60771  0.0 0.0
60863 60874 60866 60868 -120.0 2.5
60898 60901 60903 60905  0.0 0.0
60997 61008 61000 61002 -120.0 2.5
61032 61035 61037 61039  0.0 0.0
61131 61142 61134 61136 -120.0 2.5
61166 61169 61171 61173  0.0 0.0
61265 61276 61268 61270 -120.0 2.5
61300 61303 61305 61307  0.0 0.0
61399 61410 61402 61404 -120.0 2.5
61434 61437 61439 61441  0.0 0.0
61533 61544 61536 61538 -120.0 2.5
61568 61571 61573 61575  0.0 0.0
61667 61678 61670 61672 -120.0 2.5
61702 61705 61707 61709  0.0 0.0
61801 61812 61804 61806 -120.0 2.5
61836 61839 61841 61843  0.0 0.0
61935 61946 61938 61940 -120.0 2.5
61970 61973 61975 61977  0.0 0.0
62069 62080 62072 62074 -120.0 2.5
62104 62107 62109 62111  0.0 0.0
62203 62214 62206 62208 -120.0 2.5
62238 62241 62243 62245  0.0 0.0
62337 62348 62340 62342 -120.0 2.5
62372 62375 62377 62379  0.0 0.0
62471 62482 62474 62476 -120.0 2.5
62506 62509 62511 62513  0.0 0.0
62605 62616 62608 62610 -120.0 2.5
62640 62643 62645 62647  0.0 0.0
62739 62750 62742 62744 -120.0 2.5
62774 62777 62779 62781  0.0 0.0
62873 62884 62876 62878 -120.0 2.5
62908 62911 62913 62915  0.0 0.0
63007 63018 63010 63012 -120.0 2.5
63042 63045 63047 63049  0.0 0.0
63141 63152 63144 63146 -120.0 2.5
63176 63179 63181 63183  0.0 0.0
63275 63286 63278 63280 -120.0 2.5
63310 63313 63315 63317  0.0 0.0
63409 63420 63412 63414 -120.0 2.5
63444 63447 63449 63451  0.0 0.0
63543 63554 63546 63548 -120.0 2.5
63578 63581 63583 63585  0.0 0.0
63677 63688 63680 63682 -120.0 2.5
63712 63715 63717 63719  0.0 0.0
63811 63822 63814 63816 -120.0 2.5
63846 63849 63851 63853  0.0 0.0
63945 63956 63948 63950 -120.0 2.5
63980 63983 63985 63987  0.0 0.0
64079 64090 64082 64084 -120.0 2.5
64114 64117 64119 64121  0.0 0.0
64213 64224 64216 64218 -120.0 2.5
64248 64251 64253 64255  0.0 0.0
64347 64358 64350 64352 -120.0 2.5
64382 64385 64387 64389  0.0 0.0
64481 64492 64484 64486 -120.0 2.5
64516 64519 64521 64523  0.0 0.0
64615 64626 64618 64620 -120.0 2.5
64650 64653 64655 64657  0.0 0.0
64749 64760 64752 64754 -120.0 2.5
64784 64787 64789 64791  0.0 0.0
64883 64894 64886 64888 -120.0 2.5
64918 64921 64923 64925  0.0 0.0
65017 65028 65020 65022 -120.0 2.5
65052 65055 65057 65059  0.0 0.0
65151 65162 65154 65156 -120.0 2.5
65186 65189 65191 65193  0.0 0.0
65285 65296 65288 65290 -120.0 2.5
65320 65323 65325 65327  0.0 0.0
65419 65430 65422 65424 -120.0 2.5
65454 65457 65459 65461  0.0 0.0
65553 65564 65556 65558 -120.0 2.5
65588 65591 65593 65595  0.0 0.0
65687 65698 65690 65692 -120.0 2.5
65722 65725 65727 65729  0.0 0.0
65821 65832 65824 65826 -120.0 2.5
65856 65859 65861 65863  0.0 0.0
65955 65966 65958 65960 -120.0 2.5
65990 65993 65995 65997  0.0 0.0
66089 66100 66092 66094 -120.0 2.5
66124 66127 66129 66131  0.0 0.0
66223 66234 66226 66228 -120.0 2.5
66258 66261 66263 66265  0.0 0.0
66357 66368 66360 66362 -120.0 2.5
66392 66395 66397 66399  0.0 0.0
66491 66502 66494 66496 -120.0 2.5
66526 66529 66531 66533  0.0 0.0
66625 66636 66628 66630 -120.0 2.5
66660 66663 66665 66667  0.0 0.0
66759 66770 66762 66764 -120.0 2.5
66794 66797 66799 66801  0.0 0.0
66893 66904 66896 66898 -120.0 2.5
66928 66931 66933 66935  0.0 0.0
67027 67038 67030 67032 -120.0 2.5
67062 67065 67067 67069  0.0 0.0
67161 67172 67164 67166 -120.0 2.5
67196 67199 67201 67203  0.0 0.0
67295 67306 67298 67300 -120.0 2.5
67330 67333 67335 67337  0.0 0.0
67429 67440 67432 67434 -120.0 2.5
67464 67467 67469 67471  0.0 0.0
67563 67574 67566 67568 -120.0 2.5
67598 67601 67603 67605  0.0 0.0
67697 67708 67700 67702 -120.0 2.5
67732 67735 67737 67739  0.0 0.0
67831 67842 67834 67836 -120.0 2.5
67866 67869 67871 67873  0.0 0.0
67965 67976 67968 67970 -120.0 2.5
68000 68003 68005 68007  0.0 0.0
68099 68110 68102 68104 -120.0 2.5
68134 68137 68139 68141  0.0 0.0
68233 68244 68236 68238 -120.0 2.5
68268 68271 68273 68275  0.0 0.0
68367 68378 68370 68372 -120.0 2.5
68402 68405 68407 68409  0.0 0.0
68501 68512 68504 68506 -120.0 2.5
68536 68539 68541 68543  0.0 0.0
68635 68646 68638 68640 -120.0 2.5
68670 68673 68675 68677  0.0 0.0
68769 68780 68772 68774 -120.0 2.5
68804 68807 68809 68811  0.0 0.0
68903 68914 68906 68908 -120.0 2.5
68938 68941 68943 68945  0.0 0.0
69037 69048 69040 69042 -120.0 2.5
69072 69075 69077 69079  0.0 0.0
69171 69182 69174 69176 -120.0 2.5
69206 69209 69211 69213  0.0 0.0
69305 69316 69308 69310 -120.0 2.5
69340 69343 69345 69347  0.0 0.0
69439 69450 69442 69444 -120.0 2.5
69474 69477 69479 69481  0.0 0.0
69573 69584 69576 69578 -120.0 2.5
69608 69611 69613 69615  0.0 0.0
69707 69718 69710 69712 -120.0 2.5
69742 69745 69747 69749  0.0 0.0
69841 69852 69844 69846 -120.0 2.5
69876 69879 69881 69883  0.0 0.0
69975 69986 69978 69980 -120.0 2.5
70010 70013 70015 70017  0.0 0.0
70109 70120 70112 70114 -120.0 2.5
70144 70147 70149 70151  0.0 0.0
70243 70254 70246 70248 -120.0 2.5
70278 70281 70283 70285  0.0 0.0
70377 70388 70380 70382 -120.0 2.5
70412 70415 70417 70419  0.0 0.0
70511 70522 70514 70516 -120.0 2.5
70546 70549 70551 70553  0.0 0.0
70645 70656 70648 70650 -120.0 2.5
70680 70683 70685 70687  0.0 0.0
70779 70790 70782 70784 -120.0 2.5
70814 70817 70819 70821  0.0 0.0
70913 70924 70916 70918 -120.0 2.5
70948 70951 70953 70955  0.0 0.0
71047 71058 71050 71052 -120.0 2.5
71082 71085 71087 71089  0.0 0.0
71181 71192 71184 71186 -120.0 2.5
71216 71219 71221 71223  0.0 0.0
71315 71326 71318 71320 -120.0 2.5
71350 71353 71355 71357  0.0 0.0
71449 71460 71452 71454 -120.0 2.5
71484 71487 71489 71491  0.0 0.0
71583 71594 71586 71588 -120.0 2.5
71618 71621 71623 71625  0.0 0.0
71717 71728 71720 71722 -120.0 2.5
71752 71755 71757 71759  0.0 0.0
71851 71862 71854 71856 -120.0 2.5
71886 71889 71891 71893  0.0 0.0
71985 71996 71988 71990 -120.0 2.5
72020 72023 72025 72027  0.0 0.0
72119 72130 72122 72124 -120.0 2.5
72154 72157 72159 72161  0.0 0.0
72253 72264 72256 72258 -120.0 2.5
72288 72291 72293 72295  0.0 0.0
72387 72398 72390 72392 -120.0 2.5
72422 72425 72427 72429  0.0 0.0
72521 72532 72524 72526 -120.0 2.5
72556 72559 72561 72563  0.0 0.0
72655 72666 72658 72660 -120.0 2.5
72690 72693 72695 72697  0.0 0.0
72789 72800 72792 72794 -120.0 2.5
72824 72827 72829 72831  0.0 0.0
72923 72934 72926 72928 -120.0 2.5
72958 72961 72963 72965  0.0 0.0
73057 73068 73060 73062 -120.0 2.5
73092 73095 73097 73099  0.0 0.0
73191 73202 73194 73196 -120.0 2.5
73226 73229 73231 73233  0.0 0.0
73325 73336 73328 73330 -120.0 2.5
73360 73363 73365 73367  0.0 0.0
73459 73470 73462 73464 -120.0 2.5
73494 73497 73499 73501  0.0 0.0
73593 73604 73596 73598 -120.0 2.5
73628 73631 73633 73635  0.0 0.0
73727 73738 73730 73732 -120.0 2.5
73762 73765 73767 73769  0.0 0.0
73861 73872 73864 73866 -120.0 2.5
73896 73899 73901 73903  0.0 0.0
73995 74006 73998 74000 -120.0 2.5
74030 74033 74035 74037  0.0 0.0
74129 74140 74132 74134 -120.0 2.5
74164 74167 74169 74171  0.0 0.0
74263 74274 74266 74268 -120.0 2.5
74298 74301 74303 74305  0.0 0.0
74397 74408 74400 74402 -120.0 2.5
74432 74435 74437 74439  0.0 0.0
74531 74542 74534 74536 -120.0 2.5
74566 74569 74571 74573  0.0 0.0
74665 74676 74668 74670 -120.0 2.5
74700 74703 74705 74707  0.0 0.0
74799 74810 74802 74804 -120.0 2.5
74834 74837 74839 74841  0.0 0.0
74933 74944 74936 74938 -120.0 2.5
74968 74971 74973 74975  0.0 0.0
75067 75078 75070 75072 -120.0 2.5
75102 75105 75107 75109  0.0 0.0
75201 75212 75204 75206 -120.0 2.5
75236 75239 75241 75243  0.0 0.0
75335 75346 75338 75340 -120.0 2.5
75370 75373 75375 75377  0.0 0.0
75469 75480 75472 75474 -120.0 2.5
75504 75507 75509 75511  0.0 0.0
75603 75614 75606 75608 -120.0 2.5
75638 75641 75643 75645  0.0 0.0
75737 75748 75740 75742 -120.0 2.5
75772 75775 75777 75779  0.0 0.0
75871 75882 75874 75876 -120.0 2.5
75906 75909 75911 75913  0.0 0.0
76005 76016 76008 76010 -120.0 2.5
76040 76043 76045 76047  0.0 0.0
76139 76150 76142 76144 -120.0 2.5
76174 76177 76179 76181  0.0 0.0
76273 76284 76276 76278 -120.0 2.5
76308 76311 76313 76315  0.0 0.0
76407 76418 76410 76412 -120.0 2.5
76442 76445 76447 76449  0.0 0.0
76541 76552 76544 76546 -120.0 2.5
76576 76579 76581 76583  0.0 0.0
76675 76686 76678 76680 -120.0 2.5
76710 76713 76715 76717  0.0 0.0
76809 76820 76812 76814 -120.0 2.5
76844 76847 76849 76851  0.0 0.0
76943 76954 76946 76948 -120.0 2.5
76978 76981 76983 76985  0.0 0.0
77077 77088 77080 77082 -120.0 2.5
77112 77115 77117 77119  0.0 0.0
77211 77222 77214 77216 -120.0 2.5
77246 77249 77251 77253  0.0 0.0
77345 77356 77348 77350 -120.0 2.5
77380 77383 77385 77387  0.0 0.0
77479 77490 77482 77484 -120.0 2.5
77514 77517 77519 77521  0.0 0.0
77613 77624 77616 77618 -120.0 2.5
77648 77651 77653 77655  0.0 0.0
77747 77758 77750 77752 -120.0 2.5
77782 77785 77787 77789  0.0 0.0
77881 77892 77884 77886 -120.0 2.5
77916 77919 77921 77923  0.0 0.0
78015 78026 78018 78020 -120.0 2.5
78050 78053 78055 78057  0.0 0.0
78149 78160 78152 78154 -120.0 2.5
78184 78187 78189 78191  0.0 0.0
78283 78294 78286 78288 -120.0 2.5
78318 78321 78323 78325  0.0 0.0
78417 78428 78420 78422 -120.0 2.5
78452 78455 78457 78459  0.0 0.0
78551 78562 78554 78556 -120.0 2.5
78586 78589 78591 78593  0.0 0.0
78685 78696 78688 78690 -120.0 2.5
78720 78723 78725 78727  0.0 0.0
78819 78830 78822 78824 -120.0 2.5
78854 78857 78859 78861  0.0 0.0
78953 78964 78956 78958 -120.0 2.5
78988 78991 78993 78995  0.0 0.0
79087 79098 79090 79092 -120.0 2.5
79122 79125 79127 79129  0.0 0.0
79221 79232 79224 79226 -120.0 2.5
79256 79259 79261 79263  0.0 0.0
79355 79366 79358 79360 -120.0 2.5
79390 79393 79395 79397  0.0 0.0
79489 79500 79492 79494 -120.0 2.5
79524 79527 79529 79531  0.0 0.0
79623 79634 79626 79628 -120.0 2.5
79658 79661 79663 79665  0.0 0.0
79757 79768 79760 79762 -120.0 2.5
79792 79795 79797 79799  0.0 0.0
79891 79902 79894 79896 -120.0 2.5
79926 79929 79931 79933  0.0 0.0
80025 80036 80028 80030 -120.0 2.5
80060 80063 80065 80067  0.0 0.0
80159 80170 80162 80164 -120.0 2.5
80194 80197 80199 80201  0.0 0.0
80293 80304 80296 80298 -120.0 2.5
80328 80331 80333 80335  0.0 0.0
80427 80438 80430 80432 -120.0 2.5
80462 80465 80467 80469  0.0 0.0
80561 80572 80564 80566 -120.0 2.5
80596 80599 80601 80603  0.0 0.0
80695 80706 80698 80700 -120.0 2.5
80730 80733 80735 80737  0.0 0.0
80829 80840 80832 80834 -120.0 2.5
80864 80867 80869 80871  0.0 0.0
80963 80974 80966 80968 -120.0 2.5
80998 81001 81003 81005  0.0 0.0
81097 81108 81100 81102 -120.0 2.5
81132 81135 81137 81139  0.0 0.0
81231 81242 81234 81236 -120.0 2.5
81266 81269 81271 81273  0.0 0.0
81365 81376 81368 81370 -120.0 2.5
81400 81403 81405 81407  0.0 0.0
81499 81510 81502 81504 -120.0 2.5
81534 81537 81539 81541  0.0 0.0
81633 81644 81636 81638 -120.0 2.5
81668 81671 81673 81675  0.0 0.0
81767 81778 81770 81772 -120.0 2.5
81802 81805 81807 81809  0.0 0.0
81901 81912 81904 81906 -120.0 2.5
81936 81939 81941 81943  0.0 0.0
82035 82046 82038 82040 -120.0 2.5
82070 82073 82075 82077  0.0 0.0
82169 82180 82172 82174 -120.0 2.5
82204 82207 82209 82211  0.0 0.0
82303 82314 82306 82308 -120.0 2.5
82338 82341 82343 82345  0.0 0.0
82437 82448 82440 82442 -120.0 2.5
82472 82475 82477 82479  0.0 0.0
82571 82582 82574 82576 -120.0 2.5
82606 82609 82611 82613  0.0 0.0
82705 82716 82708 82710 -120.0 2.5
82740 82743 82745 82747  0.0 0.0
82839 82850 82842 82844 -120.0 2.5
82874 82877 82879 82881  0.0 0.0
82973 82984 82976 82978 -120.0 2.5
83008 83011 83013 83015  0.0 0.0
83107 83118 83110 83112 -120.0 2.5
83142 83145 83147 83149  0.0 0.0
83241 83252 83244 83246 -120.0 2.5
83276 83279 83281 83283  0.0 0.0
83375 83386 83378 83380 -120.0 2.5
83410 83413 83415 83417  0.0 0.0
83509 83520 83512 83514 -120.0 2.5
83544 83547 83549 83551  0.0 0.0
83643 83654 83646 83648 -120.0 2.5
83678 83681 83683 83685  0.0 0.0
83777 83788 83780 83782 -120.0 2.5
83812 83815 83817 83819  0.0 0.0
83911 83922 83914 83916 -120.0 2.5
83946 83949 83951 83953  0.0 0.0
84045 84056 84048 84050 -120.0 2.5
84080 84083 84085 84087  0.0 0.0
84179 84190 84182 84184 -120.0 2.5
84214 84217 84219 84221  0.0 0.0
84313 84324 84316 84318 -120.0 2.5
84348 84351 84353 84355  0.0 0.0
84447 84458 84450 84452 -120.0 2.5
84482 84485 84487 84489  0.0 0.0
84581 84592 84584 84586 -120.0 2.5
84616 84619 84621 84623  0.0 0.0
84715 84726 84718 84720 -120.0 2.5
84750 84753 84755 84757  0.0 0.0
84849 84860 84852 84854 -120.0 2.5
84884 84887 84889 84891  0.0 0.0
84983 84994 84986 84988 -120.0 2.5
85018 85021 85023 85025  0.0 0.0
85117 85128 85120 85122 -120.0 2.5
85152 85155 85157 85159  0.0 0.0
85251 85262 85254 85256 -120.0 2.5
85286 85289 85291 85293  0.0 0.0
85385 85396 85388 85390 -120.0 2.5
85420 85423 85425 85427  0.0 0.0
85519 85530 85522 85524 -120.0 2.5
85554 85557 85559 85561  0.0 0.0
85653 85664 85656 85658 -120.0 2.5
85688 85691 85693 85695  0.0 0.0
85787 85798 85790 85792 -120.0 2.5
85822 85825 85827 85829  0.0 0.0
85921 85932 85924 85926 -120.0 2.5
85956 85959 85961 85963  0.0 0.0
86055 86066 86058 86060 -120.0 2.5
86090 86093 86095 86097  0.0 0.0
86189 86200 86192 86194 -120.0 2.5
86224 86227 86229 86231  0.0 0.0
86323 86334 86326 86328 -120.0 2.5
86358 86361 86363 86365  0.0 0.0
86457 86468 86460 86462 -120.0 2.5
86492 86495 86497 86499  0.0 0.0
86591 86602 86594 86596 -120.0 2.5
86626 86629 86631 86633  0.0 0.0
86725 86736 86728 86730 -120.0 2.5
86760 86763 86765 86767  0.0 0.0
86859 86870 86862 86864 -120.0 2.5
86894 86897 86899 86901  0.0 0.0
86993 87004 86996 86998 -120.0 2.5
87028 87031 87033 87035  0.0 0.0
87127 87138 87130 87132 -120.0 2.5
87162 87165 87167 87169  0.0 0.0
87261 87272 87264 87266 -120.0 2.5
87296 87299 87301 87303  0.0 0.0
87395 87406 87398 87400 -120.0 2.5
87430 87433 87435 87437  0.0 0.0
87529 87540 87532 87534 -120.0 2.5
87564 87567 87569 87571  0.0 0.0
87663 87674 87666 87668 -120.0 2.5
87698 87701 87703 87705  0.0 0.0
87797 87808 87800 87802 -120.0 2.5
87832 87835 87837 87839  0.0 0.0
87931 87942 87934 87936 -120.0 2.5
87966 87969 87971 87973  0.0 0.0
88065 88076 88068 88070 -120.0 2.5
88100 88103 88105 88107  0.0 0.0
88199 88210 88202 88204 -120.0 2.5
88234 88237 88239 88241  0.0 0.0
88333 88344 88336 88338 -120.0 2.5
88368 88371 88373 88375  0.0 0.0
88467 88478 88470 88472 -120.0 2.5
88502 88505 88507 88509  0.0 0.0
88601 88612 88604 88606 -120.0 2.5
88636 88639 88641 88643  0.0 0.0
88735 88746 88738 88740 -120.0 2.5
88770 88773 88775 88777  0.0 0.0
88869 88880 88872 88874 -120.0 2.5
88904 88907 88909 88911  0.0 0.0
89003 89014 89006 89008 -120.0 2.5
89038 89041 89043 89045  0.0 0.0
89137 89148 89140 89142 -120.0 2.5
89172 89175 89177 89179  0.0 0.0
89271 89282 89274 89276 -120.0 2.5
89306 89309 89311 89313  0.0 0.0
89405 89416 89408 89410 -120.0 2.5
89440 89443 89445 89447  0.0 0.0
89539 89550 89542 89544 -120.0 2.5
89574 89577 89579 89581  0.0 0.0
89673 89684 89676 89678 -120.0 2.5
89708 89711 89713 89715  0.0 0.0
89807 89818 89810 89812 -120.0 2.5
89842 89845 89847 89849  0.0 0.0
89941 89952 89944 89946 -120.0 2.5
89976 89979 89981 89983  0.0 0.0
90075 90086 90078 90080 -120.0 2.5
90110 90113 90115 90117  0.0 0.0
90209 90220 90212 90214 -120.0 2.5
90244 90247 90249 90251  0.0 0.0
90343 90354 90346 90348 -120.0 2.5
90378 90381 90383 90385  0.0 0.0
90477 90488 90480 90482 -120.0 2.5
90512 90515 90517 90519  0.0 0.0
90611 90622 90614 90616 -120.0 2.5
90646 90649 90651 90653  0.0 0.0
90745 90756 90748 90750 -120.0 2.5
90780 90783 90785 90787  0.0 0.0
90879 90890 90882 90884 -120.0 2.5
90914 90917 90919 90921  0.0 0.0
91013 91024 91016 91018 -120.0 2.5
91048 91051 91053 91055  0.0 0.0
91147 91158 91150 91152 -120.0 2.5
91182 91185 91187 91189  0.0 0.0
91281 91292 91284 91286 -120.0 2.5
91316 91319 91321 91323  0.0 0.0
91415 91426 91418 91420 -120.0 2.5
91450 91453 91455 91457  0.0 0.0
91549 91560 91552 91554 -120.0 2.5
91584 91587 91589 91591  0.0 0.0
91683 91694 91686 91688 -120.0 2.5
91718 91721 91723 91725  0.0 0.0
91817 91828 91820 91822 -120.0 2.5
91852 91855 91857 91859  0.0 0.0
91951 91962 91954 91956 -120.0 2.5
91986 91989 91991 91993  0.0 0.0
92085 92096 92088 92090 -120.0 2.5
92120 92123 92125 92127  0.0 0.0
92219 92230 92222 92224 -120.0 2.5
92254 92257 92259 92261  0.0 0.0
92353 92364 92356 92358 -120.0 2.5
92388 92391 92393 92395  0.0 0.0
92487 92498 92490 92492 -120.0 2.5
92522 92525 92527 92529  0.0 0.0
92621 92632 92624 92626 -120.0 2.5
92656 92659 92661 92663  0.0 0.0
92755 92766 92758 92760 -120.0 2.5
92790 92793 92795 92797  0.0 0.0
92889 92900 92892 92894 -120.0 2.5
92924 92927 92929 92931  0.0 0.0
93023 93034 93026 93028 -120.0 2.5
93058 93061 93063 93065  0.0 0.0
93157 93168 93160 93162 -120.0 2.5
93192 93195 93197 93199  0.0 0.0
93291 93302 93294 93296 -120.0 2.5
93326 93329 93331 93333  0.0 0.0
93425 93436 93428 93430 -120.0 2.5
93460 93463 93465 93467  0.0 0.0
93559 93570 93562 93564 -120.0 2.5
93594 93597 93599 93601  0.0 0.0
93693 93704 93696 93698 -120.0 2.5
93728 93731 93733 93735  0.0 0.0
93827 93838 93830 93832 -120.0 2.5
93862 93865 93867 93869  0.0 0.0
93961 93972 93964 93966 -120.0 2.5
93996 93999 94001 94003  0.0 0.0
94095 94106 94098 94100 -120.0 2.5
94130 94133 94135 94137  0.0 0.0
94229 94240 94232 94234 -120.0 2.5
94264 94267 94269 94271  0.0 0.0
94363 94374 94366 94368 -120.0 2.5
94398 94401 94403 94405  0.0 0.0
94497 94508 94500 94502 -120.0 2.5
94532 94535 94537 94539  0.0 0.0
94631 94642 94634 94636 -120.0 2.5
94666 94669 94671 94673  0.0 0.0
94765 94776 94768 94770 -120.0 2.5
94800 94803 94805 94807  0.0 0.0
94899 94910 94902 94904 -120.0 2.5
94934 94937 94939 94941  0.0 0.0
95033 95044 95036 95038 -120.0 2.5
95068 95071 95073 95075  0.0 0.0
95167 95178 95170 95172 -120.0 2.5
95202 95205 95207 95209  0.0 0.0
95301 95312 95304 95306 -120.0 2.5
95336 95339 95341 95343  0.0 0.0
95435 95446 95438 95440 -120.0 2.5
95470 95473 95475 95477  0.0 0.0
95569 95580 95572 95574 -120.0 2.5
95604 95607 95609 95611  0.0 0.0
95703 95714 95706 95708 -120.0 2.5
95738 95741 95743 95745  0.0 0.0
95837 95848 95840 95842 -120.0 2.5
95872 95875 95877 95879  0.0 0.0
95971 95982 95974 95976 -120.0 2.5
96006 96009 96011 96013  0.0 0.0
96105 96116 96108 96110 -120.0 2.5
96140 96143 96145 96147  0.0 0.0
96239 96250 96242 96244 -120.0 2.5
96274 96277 96279 96281  0.0 0.0
96373 96384 96376 96378 -120.0 2.5
96408 96411 96413 96415  0.0 0.0
96507 96518 96510 96512 -120.0 2.5
96542 96545 96547 96549  0.0 0.0
96641 96652 96644 96646 -120.0 2.5
96676 96679 96681 96683  0.0 0.0
96775 96786 96778 96780 -120.0 2.5
96810 96813 96815 96817  0.0 0.0
96909 96920 96912 96914 -120.0 2.5
96944 96947 96949 96951  0.0 0.0
97043 97054 97046 97048 -120.0 2.5
97078 97081 97083 97085  0.0 0.0
97177 97188 97180 97182 -120.0 2.5
97212 97215 97217 97219  0.0 0.0
97311 97322 97314 97316 -120.0 2.5
97346 97349 97351 97353  0.0 0.0
97445 97456 97448 97450 -120.0 2.5
97480 97483 97485 97487  0.0 0.0
97579 97590 97582 97584 -120.0 2.5
97614 97617 97619 97621  0.0 0.0
97713 97724 97716 97718 -120.0 2.5
97748 97751 97753 97755  0.0 0.0
97847 97858 97850 97852 -120.0 2.5
97882 97885 97887 97889  0.0 0.0
97981 97992 97984 97986 -120.0 2.5
98016 98019 98021 98023  0.0 0.0
98115 98126 98118 98120 -120.0 2.5
98150 98153 98155 98157  0.0 0.0
98249 98260 98252 98254 -120.0 2.5
98284 98287 98289 98291  0.0 0.0
98383 98394 98386 98388 -120.0 2.5
98418 98421 98423 98425  0.0 0.0
98517 98528 98520 98522 -120.0 2.5
98552 98555 98557 98559  0.0 0.0
98651 98662 98654 98656 -120.0 2.5
98686 98689 98691 98693  0.0 0.0
98785 98796 98788 98790 -120.0 2.5
98820 98823 98825 98827  0.0 0.0
98919 98930 98922 98924 -120.0 2.5
98954 98957 98959 98961  0.0 0.0
99053 99064 99056 99058 -120.0 2.5
99088 99091 99093 99095  0.0 0.0
99187 99198 99190 99192 -120.0 2.5
99222 99225 99227 99229  0.0 0.0
99321 99332 99324 99326 -120.0 2.5
99356 99359 99361 99363  0.0 0.0
99455 99466 99458 99460 -120.0 2.5
99490 99493 99495 99497  0.0 0.0
99589 99600 99592 99594 -120.0 2.5
99624 99627 99629 99631  0.0 0.0
99723 99734 99726 99728 -120.0 2.5
99758 99761 99763 99765  0.0 0.0
99857 99868 99860 99862 -120.0 2.5
99892 99895 99897 99899  0.0 0.0
99991 100002 99994 99996 -120.0 2.5
100026 100029 100031 100033  0.0 0.0
100125 100136 100128 100130 -120.0 2.5
100160 100163 100165 100167  0.0 0.0
100259 100270 100262 100264 -120.0 2.5
100294 100297 100299 100301  0.0 0.0
100393 100404 100396 100398 -120.0 2.5
100428 100431 100433 100435  0.0 0.0
100527 100538 100530 100532 -120.0 2.5
100562 100565 100567 100569  0.0 0.0
100661 100672 100664 100666 -120.0 2.5
100696 100699 100701 100703  0.0 0.0
100795 100806 100798 100800 -120.0 2.5
100830 100833 100835 100837  0.0 0.0
100929 100940 100932 100934 -120.0 2.5
100964 100967 100969 100971  0.0 0.0
101063 101074 101066 101068 -120.0 2.5
101098 101101 101103 101105  0.0 0.0
101197 101208 101200 101202 -120.0 2.5
101232 101235 101237 101239  0.0 0.0
101331 101342 101334 101336 -120.0 2.5
101366 101369 101371 101373  0.0 0.0
101465 101476 101468 101470 -120.0 2.5
101500 101503 101505 101507  0.0 0.0
101599 101610 101602 101604 -120.0 2.5
101634 101637 101639 101641  0.0 0.0
101733 101744 101736 101738 -120.0 2.5
101768 101771 101773 101775  0.0 0.0
101867 101878 101870 101872 -120.0 2.5
101902 101905 101907 101909  0.0 0.0
102001 102012 102004 102006 -120.0 2.5
102036 102039 102041 102043  0.0 0.0
102135 102146 102138 102140 -120.0 2.5
102170 102173 102175 102177  0.0 0.0
102269 102280 102272 102274 -120.0 2.5
102304 102307 102309 102311  0.0 0.0
102403 102414 102406 102408 -120.0 2.5
102438 102441 102443 102445  0.0 0.0
102537 102548 102540 102542 -120.0 2.5
102572 102575 102577 102579  0.0 0.0
102671 102682 102674 102676 -120.0 2.5
102706 102709 102711 102713  0.0 0.0
102805 102816 102808 102810 -120.0 2.5
102840 102843 102845 102847  0.0 0.0
102939 102950 102942 102944 -120.0 2.5
102974 102977 102979 102981  0.0 0.0
103073 103084 103076 103078 -120.0 2.5
103108 103111 103113 103115  0.0 0.0
103207 103218 103210 103212 -120.0 2.5
103242 103245 103247 103249  0.0 0.0
103341 103352 103344 103346 -120.0 2.5
103376 103379 103381 103383  0.0 0.0
103475 103486 103478 103480 -120.0 2.5
103510 103513 103515 103517  0.0 0.0
103609 103620 103612 103614 -120.0 2.5
103644 103647 103649 103651  0.0 0.0
103743 103754 103746 103748 -120.0 2.5
103778 103781 103783 103785  0.0 0.0
103877 103888 103880 103882 -120.0 2.5
103912 103915 103917 103919  0.0 0.0
104011 104022 104014 104016 -120.0 2.5
104046 104049 104051 104053  0.0 0.0
104145 104156 104148 104150 -120.0 2.5
104180 104183 104185 104187  0.0 0.0
104279 104290 104282 104284 -120.0 2.5
104314 104317 104319 104321  0.0 0.0
104413 104424 104416 104418 -120.0 2.5
104448 104451 104453 104455  0.0 0.0
104547 104558 104550 104552 -120.0 2.5
104582 104585 104587 104589  0.0 0.0
104681 104692 104684 104686 -120.0 2.5
104716 104719 104721 104723  0.0 0.0
104815 104826 104818 104820 -120.0 2.5
104850 104853 104855 104857  0.0 0.0
104949 104960 104952 104954 -120.0 2.5
104984 104987 104989 104991  0.0 0.0
105083 105094 105086 105088 -120.0 2.5
105118 105121 105123 105125  0.0 0.0
105217 105228 105220 105222 -120.0 2.5
105252 105255 105257 105259  0.0 0.0
105351 105362 105354 105356 -120.0 2.5
105386 105389 105391 105393  0.0 0.0
105485 105496 105488 105490 -120.0 2.5
105520 105523 105525 105527  0.0 0.0
105619 105630 105622 105624 -120.0 2.5
105654 105657 105659 105661  0.0 0.0
105753 105764 105756 105758 -120.0 2.5
105788 105791 105793 105795  0.0 0.0
105887 105898 105890 105892 -120.0 2.5
105922 105925 105927 105929  0.0 0.0
106021 106032 106024 106026 -120.0 2.5
106056 106059 106061 106063  0.0 0.0
106155 106166 106158 106160 -120.0 2.5
106190 106193 106195 106197  0.0 0.0
106289 106300 106292 106294 -120.0 2.5
106324 106327 106329 106331  0.0 0.0
106423 106434 106426 106428 -120.0 2.5
106458 106461 106463 106465  0.0 0.0
106557 106568 106560 106562 -120.0 2.5
106592 106595 106597 106599  0.0 0.0
106691 106702 106694 106696 -120.0 2.5
106726 106729 106731 106733  0.0 0.0
106825 106836 106828 106830 -120.0 2.5
106860 106863 106865 106867  0.0 0.0
106959 106970 106962 106964 -120.0 2.5
106994 106997 106999 107001  0.0 0.0
107093 107104 107096 107098 -120.0 2.5
107128 107131 107133 107135  0.0 0.0
107227 107238 107230 107232 -120.0 2.5
107262 107265 107267 107269  0.0 0.0
107361 107372 107364 107366 -120.0 2.5
107396 107399 107401 107403  0.0 0.0
107495 107506 107498 107500 -120.0 2.5
107530 107533 107535 107537  0.0 0.0
107629 107640 107632 107634 -120.0 2.5
107664 107667 107669 107671  0.0 0.0
107763 107774 107766 107768 -120.0 2.5
107798 107801 107803 107805  0.0 0.0
107897 107908 107900 107902 -120.0 2.5
107932 107935 107937 107939  0.0 0.0
108031 108042 108034 108036 -120.0 2.5
108066 108069 108071 108073  0.0 0.0
108165 108176 108168 108170 -120.0 2.5
108200 108203 108205 108207  0.0 0.0
108299 108310 108302 108304 -120.0 2.5
108334 108337 108339 108341  0.0 0.0
108433 108444 108436 108438 -120.0 2.5
108468 108471 108473 108475  0.0 0.0
108567 108578 108570 108572 -120.0 2.5
108602 108605 108607 108609  0.0 0.0
108701 108712 108704 108706 -120.0 2.5
108736 108739 108741 108743  0.0 0.0
108835 108846 108838 108840 -120.0 2.5
108870 108873 108875 108877  0.0 0.0
108969 108980 108972 108974 -120.0 2.5
109004 109007 109009 109011  0.0 0.0
109103 109114 109106 109108 -120.0 2.5
109138 109141 109143 109145  0.0 0.0
109237 109248 109240 109242 -120.0 2.5
109272 109275 109277 109279  0.0 0.0
109371 109382 109374 109376 -120.0 2.5
109406 109409 109411 109413  0.0 0.0
109505 109516 109508 109510 -120.0 2.5
109540 109543 109545 109547  0.0 0.0
109639 109650 109642 109644 -120.0 2.5
109674 109677 109679 109681  0.0 0.0
109773 109784 109776 109778 -120.0 2.5
109808 109811 109813 109815  0.0 0.0
109907 109918 109910 109912 -120.0 2.5
109942 109945 109947 109949  0.0 0.0
110041 110052 110044 110046 -120.0 2.5
110076 110079 110081 110083  0.0 0.0
110175 110186 110178 110180 -120.0 2.5
110210 110213 110215 110217  0.0 0.0
110309 110320 110312 110314 -120.0 2.5
110344 110347 110349 110351  0.0 0.0
110443 110454 110446 110448 -120.0 2.5
110478 110481 110483 110485  0.0 0.0
110577 110588 110580 110582 -120.0 2.5
110612 110615 110617 110619  0.0 0.0
110711 110722 110714 110716 -120.0 2.5
110746 110749 110751 110753  0.0 0.0
110845 110856 110848 110850 -120.0 2.5
110880 110883 110885 110887  0.0 0.0
110979 110990 110982 110984 -120.0 2.5
111014 111017 111019 111021  0.0 0.0
111113 111124 111116 111118 -120.0 2.5
111148 111151 111153 111155  0.0 0.0
111247 111258 111250 111252 -120.0 2.5
111282 111285 111287 111289  0.0 0.0
111381 111392 111384 111386 -120.0 2.5
111416 111419 111421 111423  0.0 0.0
111515 111526 111518 111520 -120.0 2.5
111550 111553 111555 111557  0.0 0.0
111649 111660 111652 111654 -120.0 2.5
111684 111687 111689 111691  0.0 0.0
111783 111794 111786 111788 -120.0 2.5
111818 111821 111823 111825  0.0 0.0
111917 111928 111920 111922 -120.0 2.5
111952 111955 111957 111959  0.0 0.0
112051 112062 112054 112056 -120.0 2.5
112086 112089 112091 112093  0.0 0.0
112185 112196 112188 112190 -120.0 2.5
112220 112223 112225 112227  0.0 0.0
112319 112330 112322 112324 -120.0 2.5
112354 112357 112359 112361  0.0 0.0
112453 112464 112456 112458 -120.0 2.5
112488 112491 112493 112495  0.0 0.0
112587 112598 112590 112592 -120.0 2.5
112622 112625 112627 112629  0.0 0.0
112721 112732 112724 112726 -120.0 2.5
112756 112759 112761 112763  0.0 0.0
112855 112866 112858 112860 -120.0 2.5
112890 112893 112895 112897  0.0 0.0
112989 113000 112992 112994 -120.0 2.5
113024 113027 113029 113031  0.0 0.0
113123 113134 113126 113128 -120.0 2.5
113158 113161 113163 113165  0.0 0.0
113257 113268 113260 113262 -120.0 2.5
113292 113295 113297 113299  0.0 0.0
113391 113402 113394 113396 -120.0 2.5
113426 113429 113431 113433  0.0 0.0
113525 113536 113528 113530 -120.0 2.5
113560 113563 113565 113567  0.0 0.0
113659 113670 113662 113664 -120.0 2.5
113694 113697 113699 113701  0.0 0.0
113793 113804 113796 113798 -120.0 2.5
113828 113831 113833 113835  0.0 0.0
113927 113938 113930 113932 -120.0 2.5
113962 113965 113967 113969  0.0 0.0
114061 114072 114064 114066 -120.0 2.5
114096 114099 114101 114103  0.0 0.0
114195 114206 114198 114200 -120.0 2.5
114230 114233 114235 114237  0.0 0.0
114329 114340 114332 114334 -120.0 2.5
114364 114367 114369 114371  0.0 0.0
114463 114474 114466 114468 -120.0 2.5
114498 114501 114503 114505  0.0 0.0
114597 114608 114600 114602 -120.0 2.5
114632 114635 114637 114639  0.0 0.0
114731 114742 114734 114736 -120.0 2.5
114766 114769 114771 114773  0.0 0.0
114865 114876 114868 114870 -120.0 2.5
114900 114903 114905 114907  0.0 0.0
114999 115010 115002 115004 -120.0 2.5
115034 115037 115039 115041  0.0 0.0
115133 115144 115136 115138 -120.0 2.5
115168 115171 115173 115175  0.0 0.0
115267 115278 115270 115272 -120.0 2.5
115302 115305 115307 115309  0.0 0.0
115401 115412 115404 115406 -120.0 2.5
115436 115439 115441 115443  0.0 0.0
115535 115546 115538 115540 -120.0 2.5
115570 115573 115575 115577  0.0 0.0
115669 115680 115672 115674 -120.0 2.5
115704 115707 115709 115711  0.0 0.0
115803 115814 115806 115808 -120.0 2.5
115838 115841 115843 115845  0.0 0.0
115937 115948 115940 115942 -120.0 2.5
115972 115975 115977 115979  0.0 0.0
116071 116082 116074 116076 -120.0 2.5
116106 116109 116111 116113  0.0 0.0
116205 116216 116208 116210 -120.0 2.5
116240 116243 116245 116247  0.0 0.0
116339 116350 116342 116344 -120.0 2.5
116374 116377 116379 116381  0.0 0.0
116473 116484 116476 116478 -120.0 2.5
116508 116511 116513 116515  0.0 0.0
116607 116618 116610 116612 -120.0 2.5
116642 116645 116647 116649  0.0 0.0
116741 116752 116744 116746 -120.0 2.5
116776 116779 116781 116783  0.0 0.0
116875 116886 116878 116880 -120.0 2.5
116910 116913 116915 116917  0.0 0.0
117009 117020 117012 117014 -120.0 2.5
117044 117047 117049 117051  0.0 0.0
117143 117154 117146 117148 -120.0 2.5
117178 117181 117183 117185  0.0 0.0
117277 117288 117280 117282 -120.0 2.5
117312 117315 117317 117319  0.0 0.0
117411 117422 117414 117416 -120.0 2.5
117446 117449 117451 117453  0.0 0.0
117545 117556 117548 117550 -120.0 2.5
117580 117583 117585 117587  0.0 0.0
117679 117690 117682 117684 -120.0 2.5
117714 117717 117719 117721  0.0 0.0
117813 117824 117816 117818 -120.0 2.5
117848 117851 117853 117855  0.0 0.0
117947 117958 117950 117952 -120.0 2.5
117982 117985 117987 117989  0.0 0.0
118081 118092 118084 118086 -120.0 2.5
118116 118119 118121 118123  0.0 0.0
118215 118226 118218 118220 -120.0 2.5
118250 118253 118255 118257  0.0 0.0
118349 118360 118352 118354 -120.0 2.5
118384 118387 118389 118391  0.0 0.0
118483 118494 118486 118488 -120.0 2.5
118518 118521 118523 118525  0.0 0.0
118617 118628 118620 118622 -120.0 2.5
118652 118655 118657 118659  0.0 0.0
118751 118762 118754 118756 -120.0 2.5
118786 118789 118791 118793  0.0 0.0
118885 118896 118888 118890 -120.0 2.5
118920 118923 118925 118927  0.0 0.0
119019 119030 119022 119024 -120.0 2.5
119054 119057 119059 119061  0.0 0.0
119153 119164 119156 119158 -120.0 2.5
119188 119191 119193 119195  0.0 0.0
119287 119298 119290 119292 -120.0 2.5
119322 119325 119327 119329  0.0 0.0
119421 119432 119424 119426 -120.0 2.5
119456 119459 119461 119463  0.0 0.0
119555 119566 119558 119560 -120.0 2.5
119590 119593 119595 119597  0.0 0.0
119689 119700 119692 119694 -120.0 2.5
119724 119727 119729 119731  0.0 0.0
119823 119834 119826 119828 -120.0 2.5
119858 119861 119863 119865  0.0 0.0
119957 119968 119960 119962 -120.0 2.5
119992 119995 119997 119999  0.0 0.0
120091 120102 120094 120096 -120.0 2.5
120126 120129 120131 120133  0.0 0.0
120225 120236 120228 120230 -120.0 2.5
120260 120263 120265 120267  0.0 0.0
120359 120370 120362 120364 -120.0 2.5
120394 120397 120399 120401  0.0 0.0
120493 120504 120496 120498 -120.0 2.5
120528 120531 120533 120535  0.0 0.0
120627 120638 120630 120632 -120.0 2.5
120662 120665 120667 120669  0.0 0.0
120761 120772 120764 120766 -120.0 2.5
120796 120799 120801 120803  0.0 0.0
120895 120906 120898 120900 -120.0 2.5
120930 120933 120935 120937  0.0 0.0
121029 121040 121032 121034 -120.0 2.5
121064 121067 121069 121071  0.0 0.0
121163 121174 121166 121168 -120.0 2.5
121198 121201 121203 121205  0.0 0.0
121297 121308 121300 121302 -120.0 2.5
121332 121335 121337 121339  0.0 0.0
121431 121442 121434 121436 -120.0 2.5
121466 121469 121471 121473  0.0 0.0
121565 121576 121568 121570 -120.0 2.5
121600 121603 121605 121607  0.0 0.0
121699 121710 121702 121704 -120.0 2.5
121734 121737 121739 121741  0.0 0.0
121833 121844 121836 121838 -120.0 2.5
121868 121871 121873 121875  0.0 0.0
121967 121978 121970 121972 -120.0 2.5
122002 122005 122007 122009  0.0 0.0
122101 122112 122104 122106 -120.0 2.5
122136 122139 122141 122143  0.0 0.0
122235 122246 122238 122240 -120.0 2.5
122270 122273 122275 122277  0.0 0.0
122369 122380 122372 122374 -120.0 2.5
122404 122407 122409 122411  0.0 0.0
122503 122514 122506 122508 -120.0 2.5
122538 122541 122543 122545  0.0 0.0
122637 122648 122640 122642 -120.0 2.5
122672 122675 122677 122679  0.0 0.0
122771 122782 122774 122776 -120.0 2.5
122806 122809 122811 122813  0.0 0.0
122905 122916 122908 122910 -120.0 2.5
122940 122943 122945 122947  0.0 0.0
123039 123050 123042 123044 -120.0 2.5
123074 123077 123079 123081  0.0 0.0
123173 123184 123176 123178 -120.0 2.5
123208 123211 123213 123215  0.0 0.0
123307 123318 123310 123312 -120.0 2.5
123342 123345 123347 123349  0.0 0.0
123441 123452 123444 123446 -120.0 2.5
123476 123479 123481 123483  0.0 0.0
123575 123586 123578 123580 -120.0 2.5
123610 123613 123615 123617  0.0 0.0
123709 123720 123712 123714 -120.0 2.5
123744 123747 123749 123751  0.0 0.0
123843 123854 123846 123848 -120.0 2.5
123878 123881 123883 123885  0.0 0.0
123977 123988 123980 123982 -120.0 2.5
124012 124015 124017 124019  0.0 0.0
124111 124122 124114 124116 -120.0 2.5
124146 124149 124151 124153  0.0 0.0
124245 124256 124248 124250 -120.0 2.5
124280 124283 124285 124287  0.0 0.0
124379 124390 124382 124384 -120.0 2.5
124414 124417 124419 124421  0.0 0.0
124513 124524 124516 124518 -120.0 2.5
124548 124551 124553 124555  0.0 0.0
124647 124658 124650 124652 -120.0 2.5
124682 124685 124687 124689  0.0 0.0
124781 124792 124784 124786 -120.0 2.5
124816 124819 124821 124823  0.0 0.0
124915 124926 124918 124920 -120.0 2.5
124950 124953 124955 124957  0.0 0.0
125049 125060 125052 125054 -120.0 2.5
125084 125087 125089 125091  0.0 0.0
125183 125194 125186 125188 -120.0 2.5
125218 125221 125223 125225  0.0 0.0
125317 125328 125320 125322 -120.0 2.5
125352 125355 125357 125359  0.0 0.0
125451 125462 125454 125456 -120.0 2.5
125486 125489 125491 125493  0.0 0.0
125585 125596 125588 125590 -120.0 2.5
125620 125623 125625 125627  0.0 0.0
125719 125730 125722 125724 -120.0 2.5
125754 125757 125759 125761  0.0 0.0
125853 125864 125856 125858 -120.0 2.5
125888 125891 125893 125895  0.0 0.0
125987 125998 125990 125992 -120.0 2.5
126022 126025 126027 126029  0.0 0.0
126121 126132 126124 126126 -120.0 2.5
126156 126159 126161 126163  0.0 0.0
126255 126266 126258 126260 -120.0 2.5
126290 126293 126295 126297  0.0 0.0
126389 126400 126392 126394 -120.0 2.5
126424 126427 126429 126431  0.0 0.0
126523 126534 126526 126528 -120.0 2.5
126558 126561 126563 126565  0.0 0.0
126657 126668 126660 126662 -120.0 2.5
126692 126695 126697 126699  0.0 0.0
126791 126802 126794 126796 -120.0 2.5
126826 126829 126831 126833  0.0 0.0
126925 126936 126928 126930 -120.0 2.5
126960 126963 126965 126967  0.0 0.0
127059 127070 127062 127064 -120.0 2.5
127094 127097 127099 127101  0.0 0.0
127193 127204 127196 127198 -120.0 2.5
127228 127231 127233 127235  0.0 0.0
127327 127338 127330 127332 -120.0 2.5
127362 127365 127367 127369  0.0 0.0
127461 127472 127464 127466 -120.0 2.5
127496 127499 127501 127503  0.0 0.0
127595 127606 127598 127600 -120.0 2.5
127630 127633 127635 127637  0.0 0.0
127729 127740 127732 127734 -120.0 2.5
127764 127767 127769 127771  0.0 0.0
127863 127874 127866 127868 -120.0 2.5
127898 127901 127903 127905  0.0 0.0
127997 128008 128000 128002 -120.0 2.5
128032 128035 128037 128039  0.0 0.0
128131 128142 128134 128136 -120.0 2.5
128166 128169 128171 128173  0.0 0.0
128265 128276 128268 128270 -120.0 2.5
128300 128303 128305 128307  0.0 0.0
128399 128410 128402 128404 -120.0 2.5
128434 128437 128439 128441  0.0 0.0
128533 128544 128536 128538 -120.0 2.5
128568 128571 128573 128575  0.0 0.0
128667 128678 128670 128672 -120.0 2.5
128702 128705 128707 128709  0.0 0.0
128801 128812 128804 128806 -120.0 2.5
128836 128839 128841 128843  0.0 0.0
128935 128946 128938 128940 -120.0 2.5
128970 128973 128975 128977  0.0 0.0
129069 129080 129072 129074 -120.0 2.5
129104 129107 129109 129111  0.0 0.0
129203 129214 129206 129208 -120.0 2.5
129238 129241 129243 129245  0.0 0.0
129337 129348 129340 129342 -120.0 2.5
129372 129375 129377 129379  0.0 0.0
129471 129482 129474 129476 -120.0 2.5
129506 129509 129511 129513  0.0 0.0
129605 129616 129608 129610 -120.0 2.5
129640 129643 129645 129647  0.0 0.0
129739 129750 129742 129744 -120.0 2.5
129774 129777 129779 129781  0.0 0.0
129873 129884 129876 129878 -120.0 2.5
129908 129911 129913 129915  0.0 0.0
130007 130018 130010 130012 -120.0 2.5
130042 130045 130047 130049  0.0 0.0
130141 130152 130144 130146 -120.0 2.5
130176 130179 130181 130183  0.0 0.0
130275 130286 130278 130280 -120.0 2.5
130310 130313 130315 130317  0.0 0.0
130409 130420 130412 130414 -120.0 2.5
130444 130447 130449 130451  0.0 0.0
130543 130554 130546 130548 -120.0 2.5
130578 130581 130583 130585  0.0 0.0
130677 130688 130680 130682 -120.0 2.5
130712 130715 130717 130719  0.0 0.0
130811 130822 130814 130816 -120.0 2.5
130846 130849 130851 130853  0.0 0.0
130945 130956 130948 130950 -120.0 2.5
130980 130983 130985 130987  0.0 0.0
131079 131090 131082 131084 -120.0 2.5
131114 131117 131119 131121  0.0 0.0
131213 131224 131216 131218 -120.0 2.5
131248 131251 131253 131255  0.0 0.0
131347 131358 131350 131352 -120.0 2.5
131382 131385 131387 131389  0.0 0.0
131481 131492 131484 131486 -120.0 2.5
131516 131519 131521 131523  0.0 0.0
131615 131626 131618 131620 -120.0 2.5
131650 131653 131655 131657  0.0 0.0
131749 131760 131752 131754 -120.0 2.5
131784 131787 131789 131791  0.0 0.0
131883 131894 131886 131888 -120.0 2.5
131918 131921 131923 131925  0.0 0.0
132017 132028 132020 132022 -120.0 2.5
132052 132055 132057 132059  0.0 0.0
132151 132162 132154 132156 -120.0 2.5
132186 132189 132191 132193  0.0 0.0
132285 132296 132288 132290 -120.0 2.5
132320 132323 132325 132327  0.0 0.0
132419 132430 132422 132424 -120.0 2.5
132454 132457 132459 132461  0.0 0.0
132553 132564 132556 132558 -120.0 2.5
132588 132591 132593 132595  0.0 0.0
132687 132698 132690 132692 -120.0 2.5
132722 132725 132727 132729  0.0 0.0
132821 132832 132824 132826 -120.0 2.5
132856 132859 132861 132863  0.0 0.0
132955 132966 132958 132960 -120.0 2.5
132990 132993 132995 132997  0.0 0.0
133089 133100 133092 133094 -120.0 2.5
133124 133127 133129 133131  0.0 0.0
133223 133234 133226 133228 -120.0 2.5
133258 133261 133263 133265  0.0 0.0
133357 133368 133360 133362 -120.0 2.5
133392 133395 133397 133399  0.0 0.0
133491 133502 133494 133496 -120.0 2.5
133526 133529 133531 133533  0.0 0.0
133625 133636 133628 133630 -120.0 2.5
133660 133663 133665 133667  0.0 0.0
133759 133770 133762 133764 -120.0 2.5
133794 133797 133799 133801  0.0 0.0
133893 133904 133896 133898 -120.0 2.5
133928 133931 133933 133935  0.0 0.0
134027 134038 134030 134032 -120.0 2.5
134062 134065 134067 134069  0.0 0.0
134161 134172 134164 134166 -120.0 2.5
134196 134199 134201 134203  0.0 0.0
134295 134306 134298 134300 -120.0 2.5
134330 134333 134335 134337  0.0 0.0
134429 134440 134432 134434 -120.0 2.5
134464 134467 134469 134471  0.0 0.0
134563 134574 134566 134568 -120.0 2.5
134598 134601 134603 134605  0.0 0.0
134697 134708 134700 134702 -120.0 2.5
134732 134735 134737 134739  0.0 0.0
134831 134842 134834 134836 -120.0 2.5
134866 134869 134871 134873  0.0 0.0
134965 134976 134968 134970 -120.0 2.5
135000 135003 135005 135007  0.0 0.0
135099 135110 135102 135104 -120.0 2.5
135134 135137 135139 135141  0.0 0.0
135233 135244 135236 135238 -120.0 2.5
135268 135271 135273 135275  0.0 0.0
135367 135378 135370 135372 -120.0 2.5
135402 135405 135407 135409  0.0 0.0
135501 135512 135504 135506 -120.0 2.5
135536 135539 135541 135543  0.0 0.0
135635 135646 135638 135640 -120.0 2.5
135670 135673 135675 135677  0.0 0.0
135769 135780 135772 135774 -120.0 2.5
135804 135807 135809 135811  0.0 0.0
135903 135914 135906 135908 -120.0 2.5
135938 135941 135943 135945  0.0 0.0
136037 136048 136040 136042 -120.0 2.5
136072 136075 136077 136079  0.0 0.0
136171 136182 136174 136176 -120.0 2.5
136206 136209 136211 136213  0.0 0.0
136305 136316 136308 136310 -120.0 2.5
136340 136343 136345 136347  0.0 0.0
136439 136450 136442 136444 -120.0 2.5
136474 136477 136479 136481  0.0 0.0
136573 136584 136576 136578 -120.0 2.5
136608 136611 136613 136615  0.0 0.0
136707 136718 136710 136712 -120.0 2.5
136742 136745 136747 136749  0.0 0.0
136841 136852 136844 136846 -120.0 2.5
136876 136879 136881 136883  0.0 0.0
136975 136986 136978 136980 -120.0 2.5
137010 137013 137015 137017  0.0 0.0
137109 137120 137112 137114 -120.0 2.5
137144 137147 137149 137151  0.0 0.0
137243 137254 137246 137248 -120.0 2.5
137278 137281 137283 137285  0.0 0.0
137377 137388 137380 137382 -120.0 2.5
137412 137415 137417 137419  0.0 0.0
137511 137522 137514 137516 -120.0 2.5
137546 137549 137551 137553  0.0 0.0
137645 137656 137648 137650 -120.0 2.5
137680 137683 137685 137687  0.0 0.0
137779 137790 137782 137784 -120.0 2.5
137814 137817 137819 137821  0.0 0.0
137913 137924 137916 137918 -120.0 2.5
137948 137951 137953 137955  0.0 0.0
138047 138058 138050 138052 -120.0 2.5
138082 138085 138087 138089  0.0 0.0
138181 138192 138184 138186 -120.0 2.5
138216 138219 138221 138223  0.0 0.0
138315 138326 138318 138320 -120.0 2.5
138350 138353 138355 138357  0.0 0.0
138449 138460 138452 138454 -120.0 2.5
138484 138487 138489 138491  0.0 0.0
138583 138594 138586 138588 -120.0 2.5
138618 138621 138623 138625  0.0 0.0
138717 138728 138720 138722 -120.0 2.5
138752 138755 138757 138759  0.0 0.0
138851 138862 138854 138856 -120.0 2.5
138886 138889 138891 138893  0.0 0.0
138985 138996 138988 138990 -120.0 2.5
139020 139023 139025 139027  0.0 0.0
139119 139130 139122 139124 -120.0 2.5
139154 139157 139159 139161  0.0 0.0
139253 139264 139256 139258 -120.0 2.5
139288 139291 139293 139295  0.0 0.0
139387 139398 139390 139392 -120.0 2.5
139422 139425 139427 139429  0.0 0.0
139521 139532 139524 139526 -120.0 2.5
139556 139559 139561 139563  0.0 0.0
139655 139666 139658 139660 -120.0 2.5
139690 139693 139695 139697  0.0 0.0
139789 139800 139792 139794 -120.0 2.5
139824 139827 139829 139831  0.0 0.0
139923 139934 139926 139928 -120.0 2.5
139958 139961 139963 139965  0.0 0.0
140057 140068 140060 140062 -120.0 2.5
140092 140095 140097 140099  0.0 0.0
140191 140202 140194 140196 -120.0 2.5
140226 140229 140231 140233  0.0 0.0
140325 140336 140328 140330 -120.0 2.5
140360 140363 140365 140367  0.0 0.0
140459 140470 140462 140464 -120.0 2.5
140494 140497 140499 140501  0.0 0.0
140593 140604 140596 140598 -120.0 2.5
140628 140631 140633 140635  0.0 0.0
140727 140738 140730 140732 -120.0 2.5
140762 140765 140767 140769  0.0 0.0
