36604
36738
36872
37006
37140
37274
37408
37542
37676
37810
37944
38078
38212
38346
38480
38614
38748
38882
39016
39150
39284
39418
39552
39686
39820
39954
40088
40222
40356
40490
40624
40758
40892
41026
41160
41294
41428
41562
41696
41830
41964
42098
42232
42366
42500
42634
42768
42902
43036
43170
43304
43438
43572
43706
43840
43974
44108
44242
44376
44510
44644
44778
44912
45046
45180
45314
45448
45582
45716
45850
45984
46118
46252
46386
46520
46654
46788
46922
47056
47190
47324
47458
47592
47726
47860
47994
48128
48262
48396
48530
48664
48798
48932
49066
49200
49334
49468
49602
49736
49870
50004
50138
50272
50406
50540
50674
50808
50942
51076
51210
51344
51478
51612
51746
51880
52014
52148
52282
52416
52550
52684
52818
52952
53086
53220
53354
53488
53622
53756
53890
54024
54158
54292
54426
54560
54694
54828
54962
55096
55230
55364
55498
55632
55766
55900
56034
56168
56302
56436
56570
56704
56838
56972
57106
57240
57374
57508
57642
57776
57910
58044
58178
58312
58446
58580
58714
58848
58982
59116
59250
59384
59518
59652
59786
59920
60054
60188
60322
60456
60590
60724
60858
60992
61126
61260
61394
61528
61662
61796
61930
62064
62198
62332
62466
62600
62734
62868
63002
63136
63270
63404
63538
63672
63806
63940
64074
64208
64342
64476
64610
64744
64878
65012
65146
65280
65414
65548
65682
65816
65950
66084
66218
66352
66486
66620
66754
66888
67022
67156
67290
67424
67558
67692
67826
67960
68094
68228
68362
68496
68630
68764
68898
69032
69166
69300
69434
69568
69702
69836
69970
70104
70238
70372
70506
70640
70774
70908
71042
71176
71310
71444
71578
71712
71846
71980
72114
72248
72382
72516
72650
72784
72918
73052
73186
73320
73454
73588
73722
73856
73990
74124
74258
74392
74526
74660
74794
74928
75062
75196
75330
75464
75598
75732
75866
76000
76134
76268
76402
76536
76670
76804
76938
77072
77206
77340
77474
77608
77742
77876
78010
78144
78278
78412
78546
78680
78814
78948
79082
79216
79350
79484
79618
79752
79886
80020
80154
80288
80422
80556
80690
80824
80958
81092
81226
81360
81494
81628
81762
81896
82030
82164
82298
82432
82566
82700
82834
82968
83102
83236
83370
83504
83638
83772
83906
84040
84174
84308
84442
84576
84710
84844
84978
85112
85246
85380
85514
85648
85782
85916
86050
86184
86318
86452
86586
86720
86854
86988
87122
87256
87390
87524
87658
87792
87926
88060
88194
88328
88462
88596
88730
88864
88998
89132
89266
89400
89534
89668
89802
89936
90070
90204
90338
90472
90606
90740
90874
91008
91142
91276
91410
91544
91678
91812
91946
92080
92214
92348
92482
92616
92750
92884
93018
93152
93286
93420
93554
93688
93822
93956
94090
94224
94358
94492
94626
94760
94894
95028
95162
95296
95430
95564
95698
95832
95966
96100
96234
96368
96502
96636
96770
96904
97038
97172
97306
97440
97574
97708
97842
97976
98110
98244
98378
98512
98646
98780
98914
99048
99182
99316
99450
99584
99718
99852
99986
100120
100254
100388
100522
100656
100790
100924
101058
101192
101326
101460
101594
101728
101862
101996
102130
102264
102398
102532
102666
102800
102934
103068
103202
103336
103470
103604
103738
103872
104006
104140
104274
104408
104542
104676
104810
104944
105078
105212
105346
105480
105614
105748
105882
106016
106150
106284
106418
106552
106686
106820
106954
107088
107222
107356
107490
107624
107758
107892
108026
108160
108294
108428
108562
108696
108830
108964
109098
109232
109366
109500
109634
109768
109902
110036
110170
110304
110438
110572
110706
110840
110974
111108
111242
111376
111510
111644
111778
111912
112046
112180
112314
112448
112582
112716
112850
112984
113118
113252
113386
113520
113654
113788
113922
114056
114190
114324
114458
114592
114726
114860
114994
115128
115262
115396
115530
115664
115798
115932
116066
116200
116334
116468
116602
116736
116870
117004
117138
117272
117406
117540
117674
117808
117942
118076
118210
118344
118478
118612
118746
118880
119014
119148
119282
119416
119550
119684
119818
119952
120086
120220
120354
120488
120622
120756
120890
121024
121158
121292
121426
121560
121694
121828
121962
122096
122230
122364
122498
122632
122766
122900
123034
123168
123302
123436
123570
123704
123838
123972
124106
124240
124374
124508
124642
124776
124910
125044
125178
125312
125446
125580
125714
125848
125982
126116
126250
126384
126518
126652
126786
126920
127054
127188
127322
127456
127590
127724
127858
127992
128126
128260
128394
128528
128662
128796
128930
129064
129198
129332
129466
129600
129734
129868
130002
130136
130270
130404
130538
130672
130806
130940
131074
131208
131342
131476
131610
131744
131878
132012
132146
132280
132414
132548
132682
132816
132950
133084
133218
133352
133486
133620
133754
133888
134022
134156
134290
134424
134558
134692
134826
134960
135094
135228
135362
135496
135630
135764
135898
136032
136166
136300
136434
136568
136702
136836
136970
137104
137238
137372
137506
137640
137774
137908
138042
138176
138310
138444
138578
138712
138846
138980
139114
139248
139382
139516
139650
139784
139918
140052
140186
140320
140454
140588
140722
