43860 43871 43863 43865 -120.0 2.5
43895 43898 43900 43902  0.0 0.0
43994 44005 43997 43999 -120.0 2.5
44029 44032 44034 44036  0.0 0.0
44128 44139 44131 44133 -120.0 2.5
44163 44166 44168 44170  0.0 0.0
44262 44273 44265 44267 -120.0 2.5
44297 44300 44302 44304  0.0 0.0
44396 44407 44399 44401 -120.0 2.5
44431 44434 44436 44438  0.0 0.0
44530 44541 44533 44535 -120.0 2.5
44565 44568 44570 44572  0.0 0.0
44664 44675 44667 44669 -120.0 2.5
44699 44702 44704 44706  0.0 0.0
44798 44809 44801 44803 -120.0 2.5
44833 44836 44838 44840  0.0 0.0
44932 44943 44935 44937 -120.0 2.5
44967 44970 44972 44974  0.0 0.0
45066 45077 45069 45071 -120.0 2.5
45101 45104 45106 45108  0.0 0.0
45200 45211 45203 45205 -120.0 2.5
45235 45238 45240 45242  0.0 0.0
45334 45345 45337 45339 -120.0 2.5
45369 45372 45374 45376  0.0 0.0
45468 45479 45471 45473 -120.0 2.5
45503 45506 45508 45510  0.0 0.0
45602 45613 45605 45607 -120.0 2.5
45637 45640 45642 45644  0.0 0.0
45736 45747 45739 45741 -120.0 2.5
45771 45774 45776 45778  0.0 0.0
45870 45881 45873 45875 -120.0 2.5
45905 45908 45910 45912  0.0 0.0
46004 46015 46007 46009 -120.0 2.5
46039 46042 46044 46046  0.0 0.0
46138 46149 46141 46143 -120.0 2.5
46173 46176 46178 46180  0.0 0.0
46272 46283 46275 46277 -120.0 2.5
46307 46310 46312 46314  0.0 0.0
46406 46417 46409 46411 -120.0 2.5
46441 46444 46446 46448  0.0 0.0
46540 46551 46543 46545 -120.0 2.5
46575 46578 46580 46582  0.0 0.0
46674 46685 46677 46679 -120.0 2.5
46709 46712 46714 46716  0.0 0.0
46808 46819 46811 46813 -120.0 2.5
46843 46846 46848 46850  0.0 0.0
46942 46953 46945 46947 -120.0 2.5
46977 46980 46982 46984  0.0 0.0
47076 47087 47079 47081 -120.0 2.5
47111 47114 47116 47118  0.0 0.0
47210 47221 47213 47215 -120.0 2.5
47245 47248 47250 47252  0.0 0.0
47344 47355 47347 47349 -120.0 2.5
47379 47382 47384 47386  0.0 0.0
47478 47489 47481 47483 -120.0 2.5
47513 47516 47518 47520  0.0 0.0
47612 47623 47615 47617 -120.0 2.5
47647 47650 47652 47654  0.0 0.0
47746 47757 47749 47751 -120.0 2.5
47781 47784 47786 47788  0.0 0.0
47880 47891 47883 47885 -120.0 2.5
47915 47918 47920 47922  0.0 0.0
48014 48025 48017 48019 -120.0 2.5
48049 48052 48054 48056  0.0 0.0
48148 48159 48151 48153 -120.0 2.5
48183 48186 48188 48190  0.0 0.0
48282 48293 48285 48287 -120.0 2.5
48317 48320 48322 48324  0.0 0.0
48416 48427 48419 48421 -120.0 2.5
48451 48454 48456 48458  0.0 0.0
48550 48561 48553 48555 -120.0 2.5
48585 48588 48590 48592  0.0 0.0
48684 48695 48687 48689 -120.0 2.5
48719 48722 48724 48726  0.0 0.0
48818 48829 48821 48823 -120.0 2.5
48853 48856 48858 48860  0.0 0.0
48952 48963 48955 48957 -120.0 2.5
48987 48990 48992 48994  0.0 0.0
49086 49097 49089 49091 -120.0 2.5
49121 49124 49126 49128  0.0 0.0
49220 49231 49223 49225 -120.0 2.5
49255 49258 49260 49262  0.0 0.0
49354 49365 49357 49359 -120.0 2.5
49389 49392 49394 49396  0.0 0.0
49488 49499 49491 49493 -120.0 2.5
49523 49526 49528 49530  0.0 0.0
49622 49633 49625 49627 -120.0 2.5
49657 49660 49662 49664  0.0 0.0
49756 49767 49759 49761 -120.0 2.5
49791 49794 49796 49798  0.0 0.0
49890 49901 49893 49895 -120.0 2.5
49925 49928 49930 49932  0.0 0.0
50024 50035 50027 50029 -120.0 2.5
50059 50062 50064 50066  0.0 0.0
50158 50169 50161 50163 -120.0 2.5
50193 50196 50198 50200  0.0 0.0
50292 50303 50295 50297 -120.0 2.5
50327 50330 50332 50334  0.0 0.0
50426 50437 50429 50431 -120.0 2.5
50461 50464 50466 50468  0.0 0.0
50560 50571 50563 50565 -120.0 2.5
50595 50598 50600 50602  0.0 0.0
50694 50705 50697 50699 -120.0 2.5
50729 50732 50734 50736  0.0 0.0
50828 50839 50831 50833 -120.0 2.5
50863 50866 50868 50870  0.0 0.0
50962 50973 50965 50967 -120.0 2.5
50997 51000 51002 51004  0.0 0.0
51096 51107 51099 51101 -120.0 2.5
51131 51134 51136 51138  0.0 0.0
51230 51241 51233 51235 -120.0 2.5
51265 51268 51270 51272  0.0 0.0
51364 51375 51367 51369 -120.0 2.5
51399 51402 51404 51406  0.0 0.0
51498 51509 51501 51503 -120.0 2.5
51533 51536 51538 51540  0.0 0.0
51632 51643 51635 51637 -120.0 2.5
51667 51670 51672 51674  0.0 0.0
51766 51777 51769 51771 -120.0 2.5
51801 51804 51806 51808  0.0 0.0
51900 51911 51903 51905 -120.0 2.5
51935 51938 51940 51942  0.0 0.0
52034 52045 52037 52039 -120.0 2.5
52069 52072 52074 52076  0.0 0.0
52168 52179 52171 52173 -120.0 2.5
52203 52206 52208 52210  0.0 0.0
52302 52313 52305 52307 -120.0 2.5
52337 52340 52342 52344  0.0 0.0
52436 52447 52439 52441 -120.0 2.5
52471 52474 52476 52478  0.0 0.0
52570 52581 52573 52575 -120.0 2.5
52605 52608 52610 52612  0.0 0.0
52704 52715 52707 52709 -120.0 2.5
52739 52742 52744 52746  0.0 0.0
52838 52849 52841 52843 -120.0 2.5
52873 52876 52878 52880  0.0 0.0
52972 52983 52975 52977 -120.0 2.5
53007 53010 53012 53014  0.0 0.0
53106 53117 53109 53111 -120.0 2.5
53141 53144 53146 53148  0.0 0.0
53240 53251 53243 53245 -120.0 2.5
53275 53278 53280 53282  0.0 0.0
53374 53385 53377 53379 -120.0 2.5
53409 53412 53414 53416  0.0 0.0
53508 53519 53511 53513 -120.0 2.5
53543 53546 53548 53550  0.0 0.0
53642 53653 53645 53647 -120.0 2.5
53677 53680 53682 53684  0.0 0.0
53776 53787 53779 53781 -120.0 2.5
53811 53814 53816 53818  0.0 0.0
53910 53921 53913 53915 -120.0 2.5
53945 53948 53950 53952  0.0 0.0
54044 54055 54047 54049 -120.0 2.5
54079 54082 54084 54086  0.0 0.0
54178 54189 54181 54183 -120.0 2.5
54213 54216 54218 54220  0.0 0.0
54312 54323 54315 54317 -120.0 2.5
54347 54350 54352 54354  0.0 0.0
54446 54457 54449 54451 -120.0 2.5
54481 54484 54486 54488  0.0 0.0
54580 54591 54583 54585 -120.0 2.5
54615 54618 54620 54622  0.0 0.0
54714 54725 54717 54719 -120.0 2.5
54749 54752 54754 54756  0.0 0.0
54848 54859 54851 54853 -120.0 2.5
54883 54886 54888 54890  0.0 0.0
54982 54993 54985 54987 -120.0 2.5
55017 55020 55022 55024  0.0 0.0
55116 55127 55119 55121 -120.0 2.5
55151 55154 55156 55158  0.0 0.0
55250 55261 55253 55255 -120.0 2.5
55285 55288 55290 55292  0.0 0.0
55384 55395 55387 55389 -120.0 2.5
55419 55422 55424 55426  0.0 0.0
55518 55529 55521 55523 -120.0 2.5
55553 55556 55558 55560  0.0 0.0
55652 55663 55655 55657 -120.0 2.5
55687 55690 55692 55694  0.0 0.0
55786 55797 55789 55791 -120.0 2.5
55821 55824 55826 55828  0.0 0.0
55920 55931 55923 55925 -120.0 2.5
55955 55958 55960 55962  0.0 0.0
56054 56065 56057 56059 -120.0 2.5
56089 56092 56094 56096  0.0 0.0
56188 56199 56191 56193 -120.0 2.5
56223 56226 56228 56230  0.0 0.0
56322 56333 56325 56327 -120.0 2.5
56357 56360 56362 56364  0.0 0.0
56456 56467 56459 56461 -120.0 2.5
56491 56494 56496 56498  0.0 0.0
56590 56601 56593 56595 -120.0 2.5
56625 56628 56630 56632  0.0 0.0
56724 56735 56727 56729 -120.0 2.5
56759 56762 56764 56766  0.0 0.0
56858 56869 56861 56863 -120.0 2.5
56893 56896 56898 56900  0.0 0.0
56992 57003 56995 56997 -120.0 2.5
57027 57030 57032 57034  0.0 0.0
57126 57137 57129 57131 -120.0 2.5
57161 57164 57166 57168  0.0 0.0
57260 57271 57263 57265 -120.0 2.5
57295 57298 57300 57302  0.0 0.0
57394 57405 57397 57399 -120.0 2.5
57429 57432 57434 57436  0.0 0.0
57528 57539 57531 57533 -120.0 2.5
57563 57566 57568 57570  0.0 0.0
57662 57673 57665 57667 -120.0 2.5
57697 57700 57702 57704  0.0 0.0
57796 57807 57799 57801 -120.0 2.5
57831 57834 57836 57838  0.0 0.0
57930 57941 57933 57935 -120.0 2.5
57965 57968 57970 57972  0.0 0.0
58064 58075 58067 58069 -120.0 2.5
58099 58102 58104 58106  0.0 0.0
58198 58209 58201 58203 -120.0 2.5
58233 58236 58238 58240  0.0 0.0
58332 58343 58335 58337 -120.0 2.5
58367 58370 58372 58374  0.0 0.0
58466 58477 58469 58471 -120.0 2.5
58501 58504 58506 58508  0.0 0.0
58600 58611 58603 58605 -120.0 2.5
58635 58638 58640 58642  0.0 0.0
58734 58745 58737 58739 -120.0 2.5
58769 58772 58774 58776  0.0 0.0
58868 58879 58871 58873 -120.0 2.5
58903 58906 58908 58910  0.0 0.0
59002 59013 59005 59007 -120.0 2.5
59037 59040 59042 59044  0.0 0.0
59136 59147 59139 59141 -120.0 2.5
59171 59174 59176 59178  0.0 0.0
59270 59281 59273 59275 -120.0 2.5
59305 59308 59310 59312  0.0 0.0
59404 59415 59407 59409 -120.0 2.5
59439 59442 59444 59446  0.0 0.0
59538 59549 59541 59543 -120.0 2.5
59573 59576 59578 59580  0.0 0.0
59672 59683 59675 59677 -120.0 2.5
59707 59710 59712 59714  0.0 0.0
59806 59817 59809 59811 -120.0 2.5
59841 59844 59846 59848  0.0 0.0
59940 59951 59943 59945 -120.0 2.5
59975 59978 59980 59982  0.0 0.0
60074 60085 60077 60079 -120.0 2.5
60109 60112 60114 60116  0.0 0.0
60208 60219 60211 60213 -120.0 2.5
60243 60246 60248 60250  0.0 0.0
60342 60353 60345 60347 -120.0 2.5
60377 60380 60382 60384  0.0 0.0
60476 60487 60479 60481 -120.0 2.5
60511 60514 60516 60518  0.0 0.0
60610 60621 60613 60615 -120.0 2.5
60645 60648 60650 60652  0.0 0.0
60744 60755 60747 60749 -120.0 2.5
60779 60782 60784 60786  0.0 0.0
60878 60889 60881 60883 -120.0 2.5
60913 60916 60918 60920  0.0 0.0
61012 61023 61015 61017 -120.0 2.5
61047 61050 61052 61054  0.0 0.0
61146 61157 61149 61151 -120.0 2.5
61181 61184 61186 61188  0.0 0.0
61280 61291 61283 61285 -120.0 2.5
61315 61318 61320 61322  0.0 0.0
61414 61425 61417 61419 -120.0 2.5
61449 61452 61454 61456  0.0 0.0
61548 61559 61551 61553 -120.0 2.5
61583 61586 61588 61590  0.0 0.0
61682 61693 61685 61687 -120.0 2.5
61717 61720 61722 61724  0.0 0.0
61816 61827 61819 61821 -120.0 2.5
61851 61854 61856 61858  0.0 0.0
61950 61961 61953 61955 -120.0 2.5
61985 61988 61990 61992  0.0 0.0
62084 62095 62087 62089 -120.0 2.5
62119 62122 62124 62126  0.0 0.0
62218 62229 62221 62223 -120.0 2.5
62253 62256 62258 62260  0.0 0.0
62352 62363 62355 62357 -120.0 2.5
62387 62390 62392 62394  0.0 0.0
62486 62497 62489 62491 -120.0 2.5
62521 62524 62526 62528  0.0 0.0
62620 62631 62623 62625 -120.0 2.5
62655 62658 62660 62662  0.0 0.0
62754 62765 62757 62759 -120.0 2.5
62789 62792 62794 62796  0.0 0.0
62888 62899 62891 62893 -120.0 2.5
62923 62926 62928 62930  0.0 0.0
63022 63033 63025 63027 -120.0 2.5
63057 63060 63062 63064  0.0 0.0
63156 63167 63159 63161 -120.0 2.5
63191 63194 63196 63198  0.0 0.0
63290 63301 63293 63295 -120.0 2.5
63325 63328 63330 63332  0.0 0.0
63424 63435 63427 63429 -120.0 2.5
63459 63462 63464 63466  0.0 0.0
63558 63569 63561 63563 -120.0 2.5
63593 63596 63598 63600  0.0 0.0
63692 63703 63695 63697 -120.0 2.5
63727 63730 63732 63734  0.0 0.0
63826 63837 63829 63831 -120.0 2.5
63861 63864 63866 63868  0.0 0.0
63960 63971 63963 63965 -120.0 2.5
63995 63998 64000 64002  0.0 0.0
64094 64105 64097 64099 -120.0 2.5
64129 64132 64134 64136  0.0 0.0
64228 64239 64231 64233 -120.0 2.5
64263 64266 64268 64270  0.0 0.0
64362 64373 64365 64367 -120.0 2.5
64397 64400 64402 64404  0.0 0.0
64496 64507 64499 64501 -120.0 2.5
64531 64534 64536 64538  0.0 0.0
64630 64641 64633 64635 -120.0 2.5
64665 64668 64670 64672  0.0 0.0
64764 64775 64767 64769 -120.0 2.5
64799 64802 64804 64806  0.0 0.0
64898 64909 64901 64903 -120.0 2.5
64933 64936 64938 64940  0.0 0.0
65032 65043 65035 65037 -120.0 2.5
65067 65070 65072 65074  0.0 0.0
65166 65177 65169 65171 -120.0 2.5
65201 65204 65206 65208  0.0 0.0
65300 65311 65303 65305 -120.0 2.5
65335 65338 65340 65342  0.0 0.0
65434 65445 65437 65439 -120.0 2.5
65469 65472 65474 65476  0.0 0.0
65568 65579 65571 65573 -120.0 2.5
65603 65606 65608 65610  0.0 0.0
65702 65713 65705 65707 -120.0 2.5
65737 65740 65742 65744  0.0 0.0
65836 65847 65839 65841 -120.0 2.5
65871 65874 65876 65878  0.0 0.0
65970 65981 65973 65975 -120.0 2.5
66005 66008 66010 66012  0.0 0.0
66104 66115 66107 66109 -120.0 2.5
66139 66142 66144 66146  0.0 0.0
66238 66249 66241 66243 -120.0 2.5
66273 66276 66278 66280  0.0 0.0
66372 66383 66375 66377 -120.0 2.5
66407 66410 66412 66414  0.0 0.0
66506 66517 66509 66511 -120.0 2.5
66541 66544 66546 66548  0.0 0.0
66640 66651 66643 66645 -120.0 2.5
66675 66678 66680 66682  0.0 0.0
66774 66785 66777 66779 -120.0 2.5
66809 66812 66814 66816  0.0 0.0
66908 66919 66911 66913 -120.0 2.5
66943 66946 66948 66950  0.0 0.0
67042 67053 67045 67047 -120.0 2.5
67077 67080 67082 67084  0.0 0.0
67176 67187 67179 67181 -120.0 2.5
67211 67214 67216 67218  0.0 0.0
67310 67321 67313 67315 -120.0 2.5
67345 67348 67350 67352  0.0 0.0
67444 67455 67447 67449 -120.0 2.5
67479 67482 67484 67486  0.0 0.0
67578 67589 67581 67583 -120.0 2.5
67613 67616 67618 67620  0.0 0.0
67712 67723 67715 67717 -120.0 2.5
67747 67750 67752 67754  0.0 0.0
67846 67857 67849 67851 -120.0 2.5
67881 67884 67886 67888  0.0 0.0
67980 67991 67983 67985 -120.0 2.5
68015 68018 68020 68022  0.0 0.0
68114 68125 68117 68119 -120.0 2.5
68149 68152 68154 68156  0.0 0.0
68248 68259 68251 68253 -120.0 2.5
68283 68286 68288 68290  0.0 0.0
68382 68393 68385 68387 -120.0 2.5
68417 68420 68422 68424  0.0 0.0
68516 68527 68519 68521 -120.0 2.5
68551 68554 68556 68558  0.0 0.0
68650 68661 68653 68655 -120.0 2.5
68685 68688 68690 68692  0.0 0.0
68784 68795 68787 68789 -120.0 2.5
68819 68822 68824 68826  0.0 0.0
68918 68929 68921 68923 -120.0 2.5
68953 68956 68958 68960  0.0 0.0
69052 69063 69055 69057 -120.0 2.5
69087 69090 69092 69094  0.0 0.0
69186 69197 69189 69191 -120.0 2.5
69221 69224 69226 69228  0.0 0.0
69320 69331 69323 69325 -120.0 2.5
69355 69358 69360 69362  0.0 0.0
69454 69465 69457 69459 -120.0 2.5
69489 69492 69494 69496  0.0 0.0
69588 69599 69591 69593 -120.0 2.5
69623 69626 69628 69630  0.0 0.0
69722 69733 69725 69727 -120.0 2.5
69757 69760 69762 69764  0.0 0.0
69856 69867 69859 69861 -120.0 2.5
69891 69894 69896 69898  0.0 0.0
69990 70001 69993 69995 -120.0 2.5
70025 70028 70030 70032  0.0 0.0
70124 70135 70127 70129 -120.0 2.5
70159 70162 70164 70166  0.0 0.0
70258 70269 70261 70263 -120.0 2.5
70293 70296 70298 70300  0.0 0.0
70392 70403 70395 70397 -120.0 2.5
70427 70430 70432 70434  0.0 0.0
70526 70537 70529 70531 -120.0 2.5
70561 70564 70566 70568  0.0 0.0
70660 70671 70663 70665 -120.0 2.5
70695 70698 70700 70702  0.0 0.0
70794 70805 70797 70799 -120.0 2.5
70829 70832 70834 70836  0.0 0.0
70928 70939 70931 70933 -120.0 2.5
70963 70966 70968 70970  0.0 0.0
71062 71073 71065 71067 -120.0 2.5
71097 71100 71102 71104  0.0 0.0
71196 71207 71199 71201 -120.0 2.5
71231 71234 71236 71238  0.0 0.0
71330 71341 71333 71335 -120.0 2.5
71365 71368 71370 71372  0.0 0.0
71464 71475 71467 71469 -120.0 2.5
71499 71502 71504 71506  0.0 0.0
71598 71609 71601 71603 -120.0 2.5
71633 71636 71638 71640  0.0 0.0
71732 71743 71735 71737 -120.0 2.5
71767 71770 71772 71774  0.0 0.0
71866 71877 71869 71871 -120.0 2.5
71901 71904 71906 71908  0.0 0.0
72000 72011 72003 72005 -120.0 2.5
72035 72038 72040 72042  0.0 0.0
72134 72145 72137 72139 -120.0 2.5
72169 72172 72174 72176  0.0 0.0
72268 72279 72271 72273 -120.0 2.5
72303 72306 72308 72310  0.0 0.0
72402 72413 72405 72407 -120.0 2.5
72437 72440 72442 72444  0.0 0.0
72536 72547 72539 72541 -120.0 2.5
72571 72574 72576 72578  0.0 0.0
72670 72681 72673 72675 -120.0 2.5
72705 72708 72710 72712  0.0 0.0
72804 72815 72807 72809 -120.0 2.5
72839 72842 72844 72846  0.0 0.0
72938 72949 72941 72943 -120.0 2.5
72973 72976 72978 72980  0.0 0.0
73072 73083 73075 73077 -120.0 2.5
73107 73110 73112 73114  0.0 0.0
73206 73217 73209 73211 -120.0 2.5
73241 73244 73246 73248  0.0 0.0
73340 73351 73343 73345 -120.0 2.5
73375 73378 73380 73382  0.0 0.0
73474 73485 73477 73479 -120.0 2.5
73509 73512 73514 73516  0.0 0.0
73608 73619 73611 73613 -120.0 2.5
73643 73646 73648 73650  0.0 0.0
73742 73753 73745 73747 -120.0 2.5
73777 73780 73782 73784  0.0 0.0
73876 73887 73879 73881 -120.0 2.5
73911 73914 73916 73918  0.0 0.0
74010 74021 74013 74015 -120.0 2.5
74045 74048 74050 74052  0.0 0.0
74144 74155 74147 74149 -120.0 2.5
74179 74182 74184 74186  0.0 0.0
74278 74289 74281 74283 -120.0 2.5
74313 74316 74318 74320  0.0 0.0
74412 74423 74415 74417 -120.0 2.5
74447 74450 74452 74454  0.0 0.0
74546 74557 74549 74551 -120.0 2.5
74581 74584 74586 74588  0.0 0.0
74680 74691 74683 74685 -120.0 2.5
74715 74718 74720 74722  0.0 0.0
74814 74825 74817 74819 -120.0 2.5
74849 74852 74854 74856  0.0 0.0
74948 74959 74951 74953 -120.0 2.5
74983 74986 74988 74990  0.0 0.0
75082 75093 75085 75087 -120.0 2.5
75117 75120 75122 75124  0.0 0.0
75216 75227 75219 75221 -120.0 2.5
75251 75254 75256 75258  0.0 0.0
75350 75361 75353 75355 -120.0 2.5
75385 75388 75390 75392  0.0 0.0
75484 75495 75487 75489 -120.0 2.5
75519 75522 75524 75526  0.0 0.0
75618 75629 75621 75623 -120.0 2.5
75653 75656 75658 75660  0.0 0.0
75752 75763 75755 75757 -120.0 2.5
75787 75790 75792 75794  0.0 0.0
75886 75897 75889 75891 -120.0 2.5
75921 75924 75926 75928  0.0 0.0
76020 76031 76023 76025 -120.0 2.5
76055 76058 76060 76062  0.0 0.0
76154 76165 76157 76159 -120.0 2.5
76189 76192 76194 76196  0.0 0.0
76288 76299 76291 76293 -120.0 2.5
76323 76326 76328 76330  0.0 0.0
76422 76433 76425 76427 -120.0 2.5
76457 76460 76462 76464  0.0 0.0
76556 76567 76559 76561 -120.0 2.5
76591 76594 76596 76598  0.0 0.0
76690 76701 76693 76695 -120.0 2.5
76725 76728 76730 76732  0.0 0.0
76824 76835 76827 76829 -120.0 2.5
76859 76862 76864 76866  0.0 0.0
76958 76969 76961 76963 -120.0 2.5
76993 76996 76998 77000  0.0 0.0
77092 77103 77095 77097 -120.0 2.5
77127 77130 77132 77134  0.0 0.0
77226 77237 77229 77231 -120.0 2.5
77261 77264 77266 77268  0.0 0.0
77360 77371 77363 77365 -120.0 2.5
77395 77398 77400 77402  0.0 0.0
77494 77505 77497 77499 -120.0 2.5
77529 77532 77534 77536  0.0 0.0
77628 77639 77631 77633 -120.0 2.5
77663 77666 77668 77670  0.0 0.0
77762 77773 77765 77767 -120.0 2.5
77797 77800 77802 77804  0.0 0.0
77896 77907 77899 77901 -120.0 2.5
77931 77934 77936 77938  0.0 0.0
78030 78041 78033 78035 -120.0 2.5
78065 78068 78070 78072  0.0 0.0
78164 78175 78167 78169 -120.0 2.5
78199 78202 78204 78206  0.0 0.0
78298 78309 78301 78303 -120.0 2.5
78333 78336 78338 78340  0.0 0.0
78432 78443 78435 78437 -120.0 2.5
78467 78470 78472 78474  0.0 0.0
78566 78577 78569 78571 -120.0 2.5
78601 78604 78606 78608  0.0 0.0
78700 78711 78703 78705 -120.0 2.5
78735 78738 78740 78742  0.0 0.0
78834 78845 78837 78839 -120.0 2.5
78869 78872 78874 78876  0.0 0.0
78968 78979 78971 78973 -120.0 2.5
79003 79006 79008 79010  0.0 0.0
79102 79113 79105 79107 -120.0 2.5
79137 79140 79142 79144  0.0 0.0
79236 79247 79239 79241 -120.0 2.5
79271 79274 79276 79278  0.0 0.0
79370 79381 79373 79375 -120.0 2.5
79405 79408 79410 79412  0.0 0.0
79504 79515 79507 79509 -120.0 2.5
79539 79542 79544 79546  0.0 0.0
79638 79649 79641 79643 -120.0 2.5
79673 79676 79678 79680  0.0 0.0
79772 79783 79775 79777 -120.0 2.5
79807 79810 79812 79814  0.0 0.0
79906 79917 79909 79911 -120.0 2.5
79941 79944 79946 79948  0.0 0.0
80040 80051 80043 80045 -120.0 2.5
80075 80078 80080 80082  0.0 0.0
80174 80185 80177 80179 -120.0 2.5
80209 80212 80214 80216  0.0 0.0
80308 80319 80311 80313 -120.0 2.5
80343 80346 80348 80350  0.0 0.0
80442 80453 80445 80447 -120.0 2.5
80477 80480 80482 80484  0.0 0.0
80576 80587 80579 80581 -120.0 2.5
80611 80614 80616 80618  0.0 0.0
80710 80721 80713 80715 -120.0 2.5
80745 80748 80750 80752  0.0 0.0
80844 80855 80847 80849 -120.0 2.5
80879 80882 80884 80886  0.0 0.0
80978 80989 80981 80983 -120.0 2.5
81013 81016 81018 81020  0.0 0.0
81112 81123 81115 81117 -120.0 2.5
81147 81150 81152 81154  0.0 0.0
81246 81257 81249 81251 -120.0 2.5
81281 81284 81286 81288  0.0 0.0
81380 81391 81383 81385 -120.0 2.5
81415 81418 81420 81422  0.0 0.0
81514 81525 81517 81519 -120.0 2.5
81549 81552 81554 81556  0.0 0.0
81648 81659 81651 81653 -120.0 2.5
81683 81686 81688 81690  0.0 0.0
81782 81793 81785 81787 -120.0 2.5
81817 81820 81822 81824  0.0 0.0
81916 81927 81919 81921 -120.0 2.5
81951 81954 81956 81958  0.0 0.0
82050 82061 82053 82055 -120.0 2.5
82085 82088 82090 82092  0.0 0.0
82184 82195 82187 82189 -120.0 2.5
82219 82222 82224 82226  0.0 0.0
82318 82329 82321 82323 -120.0 2.5
82353 82356 82358 82360  0.0 0.0
82452 82463 82455 82457 -120.0 2.5
82487 82490 82492 82494  0.0 0.0
82586 82597 82589 82591 -120.0 2.5
82621 82624 82626 82628  0.0 0.0
82720 82731 82723 82725 -120.0 2.5
82755 82758 82760 82762  0.0 0.0
82854 82865 82857 82859 -120.0 2.5
82889 82892 82894 82896  0.0 0.0
82988 82999 82991 82993 -120.0 2.5
83023 83026 83028 83030  0.0 0.0
83122 83133 83125 83127 -120.0 2.5
83157 83160 83162 83164  0.0 0.0
83256 83267 83259 83261 -120.0 2.5
83291 83294 83296 83298  0.0 0.0
83390 83401 83393 83395 -120.0 2.5
83425 83428 83430 83432  0.0 0.0
83524 83535 83527 83529 -120.0 2.5
83559 83562 83564 83566  0.0 0.0
83658 83669 83661 83663 -120.0 2.5
83693 83696 83698 83700  0.0 0.0
83792 83803 83795 83797 -120.0 2.5
83827 83830 83832 83834  0.0 0.0
83926 83937 83929 83931 -120.0 2.5
83961 83964 83966 83968  0.0 0.0
84060 84071 84063 84065 -120.0 2.5
84095 84098 84100 84102  0.0 0.0
84194 84205 84197 84199 -120.0 2.5
84229 84232 84234 84236  0.0 0.0
84328 84339 84331 84333 -120.0 2.5
84363 84366 84368 84370  0.0 0.0
84462 84473 84465 84467 -120.0 2.5
84497 84500 84502 84504  0.0 0.0
84596 84607 84599 84601 -120.0 2.5
84631 84634 84636 84638  0.0 0.0
84730 84741 84733 84735 -120.0 2.5
84765 84768 84770 84772  0.0 0.0
84864 84875 84867 84869 -120.0 2.5
84899 84902 84904 84906  0.0 0.0
84998 85009 85001 85003 -120.0 2.5
85033 85036 85038 85040  0.0 0.0
85132 85143 85135 85137 -120.0 2.5
85167 85170 85172 85174  0.0 0.0
85266 85277 85269 85271 -120.0 2.5
85301 85304 85306 85308  0.0 0.0
85400 85411 85403 85405 -120.0 2.5
85435 85438 85440 85442  0.0 0.0
85534 85545 85537 85539 -120.0 2.5
85569 85572 85574 85576  0.0 0.0
85668 85679 85671 85673 -120.0 2.5
85703 85706 85708 85710  0.0 0.0
85802 85813 85805 85807 -120.0 2.5
85837 85840 85842 85844  0.0 0.0
85936 85947 85939 85941 -120.0 2.5
85971 85974 85976 85978  0.0 0.0
86070 86081 86073 86075 -120.0 2.5
86105 86108 86110 86112  0.0 0.0
86204 86215 86207 86209 -120.0 2.5
86239 86242 86244 86246  0.0 0.0
86338 86349 86341 86343 -120.0 2.5
86373 86376 86378 86380  0.0 0.0
86472 86483 86475 86477 -120.0 2.5
86507 86510 86512 86514  0.0 0.0
86606 86617 86609 86611 -120.0 2.5
86641 86644 86646 86648  0.0 0.0
86740 86751 86743 86745 -120.0 2.5
86775 86778 86780 86782  0.0 0.0
86874 86885 86877 86879 -120.0 2.5
86909 86912 86914 86916  0.0 0.0
87008 87019 87011 87013 -120.0 2.5
87043 87046 87048 87050  0.0 0.0
87142 87153 87145 87147 -120.0 2.5
87177 87180 87182 87184  0.0 0.0
87276 87287 87279 87281 -120.0 2.5
87311 87314 87316 87318  0.0 0.0
87410 87421 87413 87415 -120.0 2.5
87445 87448 87450 87452  0.0 0.0
87544 87555 87547 87549 -120.0 2.5
87579 87582 87584 87586  0.0 0.0
87678 87689 87681 87683 -120.0 2.5
87713 87716 87718 87720  0.0 0.0
87812 87823 87815 87817 -120.0 2.5
87847 87850 87852 87854  0.0 0.0
87946 87957 87949 87951 -120.0 2.5
87981 87984 87986 87988  0.0 0.0
88080 88091 88083 88085 -120.0 2.5
88115 88118 88120 88122  0.0 0.0
88214 88225 88217 88219 -120.0 2.5
88249 88252 88254 88256  0.0 0.0
88348 88359 88351 88353 -120.0 2.5
88383 88386 88388 88390  0.0 0.0
88482 88493 88485 88487 -120.0 2.5
88517 88520 88522 88524  0.0 0.0
88616 88627 88619 88621 -120.0 2.5
88651 88654 88656 88658  0.0 0.0
88750 88761 88753 88755 -120.0 2.5
88785 88788 88790 88792  0.0 0.0
88884 88895 88887 88889 -120.0 2.5
88919 88922 88924 88926  0.0 0.0
89018 89029 89021 89023 -120.0 2.5
89053 89056 89058 89060  0.0 0.0
89152 89163 89155 89157 -120.0 2.5
89187 89190 89192 89194  0.0 0.0
89286 89297 89289 89291 -120.0 2.5
89321 89324 89326 89328  0.0 0.0
89420 89431 89423 89425 -120.0 2.5
89455 89458 89460 89462  0.0 0.0
89554 89565 89557 89559 -120.0 2.5
89589 89592 89594 89596  0.0 0.0
89688 89699 89691 89693 -120.0 2.5
89723 89726 89728 89730  0.0 0.0
89822 89833 89825 89827 -120.0 2.5
89857 89860 89862 89864  0.0 0.0
89956 89967 89959 89961 -120.0 2.5
89991 89994 89996 89998  0.0 0.0
90090 90101 90093 90095 -120.0 2.5
90125 90128 90130 90132  0.0 0.0
90224 90235 90227 90229 -120.0 2.5
90259 90262 90264 90266  0.0 0.0
90358 90369 90361 90363 -120.0 2.5
90393 90396 90398 90400  0.0 0.0
90492 90503 90495 90497 -120.0 2.5
90527 90530 90532 90534  0.0 0.0
90626 90637 90629 90631 -120.0 2.5
90661 90664 90666 90668  0.0 0.0
90760 90771 90763 90765 -120.0 2.5
90795 90798 90800 90802  0.0 0.0
90894 90905 90897 90899 -120.0 2.5
90929 90932 90934 90936  0.0 0.0
91028 91039 91031 91033 -120.0 2.5
91063 91066 91068 91070  0.0 0.0
91162 91173 91165 91167 -120.0 2.5
91197 91200 91202 91204  0.0 0.0
91296 91307 91299 91301 -120.0 2.5
91331 91334 91336 91338  0.0 0.0
91430 91441 91433 91435 -120.0 2.5
91465 91468 91470 91472  0.0 0.0
91564 91575 91567 91569 -120.0 2.5
91599 91602 91604 91606  0.0 0.0
91698 91709 91701 91703 -120.0 2.5
91733 91736 91738 91740  0.0 0.0
91832 91843 91835 91837 -120.0 2.5
91867 91870 91872 91874  0.0 0.0
91966 91977 91969 91971 -120.0 2.5
92001 92004 92006 92008  0.0 0.0
92100 92111 92103 92105 -120.0 2.5
92135 92138 92140 92142  0.0 0.0
92234 92245 92237 92239 -120.0 2.5
92269 92272 92274 92276  0.0 0.0
92368 92379 92371 92373 -120.0 2.5
92403 92406 92408 92410  0.0 0.0
92502 92513 92505 92507 -120.0 2.5
92537 92540 92542 92544  0.0 0.0
92636 92647 92639 92641 -120.0 2.5
92671 92674 92676 92678  0.0 0.0
92770 92781 92773 92775 -120.0 2.5
92805 92808 92810 92812  0.0 0.0
92904 92915 92907 92909 -120.0 2.5
92939 92942 92944 92946  0.0 0.0
93038 93049 93041 93043 -120.0 2.5
93073 93076 93078 93080  0.0 0.0
93172 93183 93175 93177 -120.0 2.5
93207 93210 93212 93214  0.0 0.0
93306 93317 93309 93311 -120.0 2.5
93341 93344 93346 93348  0.0 0.0
93440 93451 93443 93445 -120.0 2.5
93475 93478 93480 93482  0.0 0.0
93574 93585 93577 93579 -120.0 2.5
93609 93612 93614 93616  0.0 0.0
93708 93719 93711 93713 -120.0 2.5
93743 93746 93748 93750  0.0 0.0
93842 93853 93845 93847 -120.0 2.5
93877 93880 93882 93884  0.0 0.0
93976 93987 93979 93981 -120.0 2.5
94011 94014 94016 94018  0.0 0.0
94110 94121 94113 94115 -120.0 2.5
94145 94148 94150 94152  0.0 0.0
94244 94255 94247 94249 -120.0 2.5
94279 94282 94284 94286  0.0 0.0
94378 94389 94381 94383 -120.0 2.5
94413 94416 94418 94420  0.0 0.0
94512 94523 94515 94517 -120.0 2.5
94547 94550 94552 94554  0.0 0.0
94646 94657 94649 94651 -120.0 2.5
94681 94684 94686 94688  0.0 0.0
94780 94791 94783 94785 -120.0 2.5
94815 94818 94820 94822  0.0 0.0
94914 94925 94917 94919 -120.0 2.5
94949 94952 94954 94956  0.0 0.0
95048 95059 95051 95053 -120.0 2.5
95083 95086 95088 95090  0.0 0.0
95182 95193 95185 95187 -120.0 2.5
95217 95220 95222 95224  0.0 0.0
95316 95327 95319 95321 -120.0 2.5
95351 95354 95356 95358  0.0 0.0
95450 95461 95453 95455 -120.0 2.5
95485 95488 95490 95492  0.0 0.0
95584 95595 95587 95589 -120.0 2.5
95619 95622 95624 95626  0.0 0.0
95718 95729 95721 95723 -120.0 2.5
95753 95756 95758 95760  0.0 0.0
95852 95863 95855 95857 -120.0 2.5
95887 95890 95892 95894  0.0 0.0
95986 95997 95989 95991 -120.0 2.5
96021 96024 96026 96028  0.0 0.0
96120 96131 96123 96125 -120.0 2.5
96155 96158 96160 96162  0.0 0.0
96254 96265 96257 96259 -120.0 2.5
96289 96292 96294 96296  0.0 0.0
96388 96399 96391 96393 -120.0 2.5
96423 96426 96428 96430  0.0 0.0
96522 96533 96525 96527 -120.0 2.5
96557 96560 96562 96564  0.0 0.0
96656 96667 96659 96661 -120.0 2.5
96691 96694 96696 96698  0.0 0.0
96790 96801 96793 96795 -120.0 2.5
96825 96828 96830 96832  0.0 0.0
96924 96935 96927 96929 -120.0 2.5
96959 96962 96964 96966  0.0 0.0
97058 97069 97061 97063 -120.0 2.5
97093 97096 97098 97100  0.0 0.0
97192 97203 97195 97197 -120.0 2.5
97227 97230 97232 97234  0.0 0.0
97326 97337 97329 97331 -120.0 2.5
97361 97364 97366 97368  0.0 0.0
97460 97471 97463 97465 -120.0 2.5
97495 97498 97500 97502  0.0 0.0
97594 97605 97597 97599 -120.0 2.5
97629 97632 97634 97636  0.0 0.0
97728 97739 97731 97733 -120.0 2.5
97763 97766 97768 97770  0.0 0.0
97862 97873 97865 97867 -120.0 2.5
97897 97900 97902 97904  0.0 0.0
97996 98007 97999 98001 -120.0 2.5
98031 98034 98036 98038  0.0 0.0
98130 98141 98133 98135 -120.0 2.5
98165 98168 98170 98172  0.0 0.0
98264 98275 98267 98269 -120.0 2.5
98299 98302 98304 98306  0.0 0.0
98398 98409 98401 98403 -120.0 2.5
98433 98436 98438 98440  0.0 0.0
98532 98543 98535 98537 -120.0 2.5
98567 98570 98572 98574  0.0 0.0
98666 98677 98669 98671 -120.0 2.5
98701 98704 98706 98708  0.0 0.0
98800 98811 98803 98805 -120.0 2.5
98835 98838 98840 98842  0.0 0.0
98934 98945 98937 98939 -120.0 2.5
98969 98972 98974 98976  0.0 0.0
99068 99079 99071 99073 -120.0 2.5
99103 99106 99108 99110  0.0 0.0
99202 99213 99205 99207 -120.0 2.5
99237 99240 99242 99244  0.0 0.0
99336 99347 99339 99341 -120.0 2.5
99371 99374 99376 99378  0.0 0.0
99470 99481 99473 99475 -120.0 2.5
99505 99508 99510 99512  0.0 0.0
99604 99615 99607 99609 -120.0 2.5
99639 99642 99644 99646  0.0 0.0
99738 99749 99741 99743 -120.0 2.5
99773 99776 99778 99780  0.0 0.0
99872 99883 99875 99877 -120.0 2.5
99907 99910 99912 99914  0.0 0.0
100006 100017 100009 100011 -120.0 2.5
100041 100044 100046 100048  0.0 0.0
100140 100151 100143 100145 -120.0 2.5
100175 100178 100180 100182  0.0 0.0
100274 100285 100277 100279 -120.0 2.5
100309 100312 100314 100316  0.0 0.0
100408 100419 100411 100413 -120.0 2.5
100443 100446 100448 100450  0.0 0.0
100542 100553 100545 100547 -120.0 2.5
100577 100580 100582 100584  0.0 0.0
100676 100687 100679 100681 -120.0 2.5
100711 100714 100716 100718  0.0 0.0
100810 100821 100813 100815 -120.0 2.5
100845 100848 100850 100852  0.0 0.0
100944 100955 100947 100949 -120.0 2.5
100979 100982 100984 100986  0.0 0.0
101078 101089 101081 101083 -120.0 2.5
101113 101116 101118 101120  0.0 0.0
101212 101223 101215 101217 -120.0 2.5
101247 101250 101252 101254  0.0 0.0
101346 101357 101349 101351 -120.0 2.5
101381 101384 101386 101388  0.0 0.0
101480 101491 101483 101485 -120.0 2.5
101515 101518 101520 101522  0.0 0.0
101614 101625 101617 101619 -120.0 2.5
101649 101652 101654 101656  0.0 0.0
101748 101759 101751 101753 -120.0 2.5
101783 101786 101788 101790  0.0 0.0
101882 101893 101885 101887 -120.0 2.5
101917 101920 101922 101924  0.0 0.0
102016 102027 102019 102021 -120.0 2.5
102051 102054 102056 102058  0.0 0.0
102150 102161 102153 102155 -120.0 2.5
102185 102188 102190 102192  0.0 0.0
102284 102295 102287 102289 -120.0 2.5
102319 102322 102324 102326  0.0 0.0
102418 102429 102421 102423 -120.0 2.5
102453 102456 102458 102460  0.0 0.0
102552 102563 102555 102557 -120.0 2.5
102587 102590 102592 102594  0.0 0.0
102686 102697 102689 102691 -120.0 2.5
102721 102724 102726 102728  0.0 0.0
102820 102831 102823 102825 -120.0 2.5
102855 102858 102860 102862  0.0 0.0
102954 102965 102957 102959 -120.0 2.5
102989 102992 102994 102996  0.0 0.0
103088 103099 103091 103093 -120.0 2.5
103123 103126 103128 103130  0.0 0.0
103222 103233 103225 103227 -120.0 2.5
103257 103260 103262 103264  0.0 0.0
103356 103367 103359 103361 -120.0 2.5
103391 103394 103396 103398  0.0 0.0
103490 103501 103493 103495 -120.0 2.5
103525 103528 103530 103532  0.0 0.0
103624 103635 103627 103629 -120.0 2.5
103659 103662 103664 103666  0.0 0.0
103758 103769 103761 103763 -120.0 2.5
103793 103796 103798 103800  0.0 0.0
103892 103903 103895 103897 -120.0 2.5
103927 103930 103932 103934  0.0 0.0
104026 104037 104029 104031 -120.0 2.5
104061 104064 104066 104068  0.0 0.0
104160 104171 104163 104165 -120.0 2.5
104195 104198 104200 104202  0.0 0.0
104294 104305 104297 104299 -120.0 2.5
104329 104332 104334 104336  0.0 0.0
104428 104439 104431 104433 -120.0 2.5
104463 104466 104468 104470  0.0 0.0
104562 104573 104565 104567 -120.0 2.5
104597 104600 104602 104604  0.0 0.0
104696 104707 104699 104701 -120.0 2.5
104731 104734 104736 104738  0.0 0.0
104830 104841 104833 104835 -120.0 2.5
104865 104868 104870 104872  0.0 0.0
104964 104975 104967 104969 -120.0 2.5
104999 105002 105004 105006  0.0 0.0
105098 105109 105101 105103 -120.0 2.5
105133 105136 105138 105140  0.0 0.0
105232 105243 105235 105237 -120.0 2.5
105267 105270 105272 105274  0.0 0.0
105366 105377 105369 105371 -120.0 2.5
105401 105404 105406 105408  0.0 0.0
105500 105511 105503 105505 -120.0 2.5
105535 105538 105540 105542  0.0 0.0
105634 105645 105637 105639 -120.0 2.5
105669 105672 105674 105676  0.0 0.0
105768 105779 105771 105773 -120.0 2.5
105803 105806 105808 105810  0.0 0.0
105902 105913 105905 105907 -120.0 2.5
105937 105940 105942 105944  0.0 0.0
106036 106047 106039 106041 -120.0 2.5
106071 106074 106076 106078  0.0 0.0
106170 106181 106173 106175 -120.0 2.5
106205 106208 106210 106212  0.0 0.0
106304 106315 106307 106309 -120.0 2.5
106339 106342 106344 106346  0.0 0.0
106438 106449 106441 106443 -120.0 2.5
106473 106476 106478 106480  0.0 0.0
106572 106583 106575 106577 -120.0 2.5
106607 106610 106612 106614  0.0 0.0
106706 106717 106709 106711 -120.0 2.5
106741 106744 106746 106748  0.0 0.0
106840 106851 106843 106845 -120.0 2.5
106875 106878 106880 106882  0.0 0.0
106974 106985 106977 106979 -120.0 2.5
107009 107012 107014 107016  0.0 0.0
107108 107119 107111 107113 -120.0 2.5
107143 107146 107148 107150  0.0 0.0
107242 107253 107245 107247 -120.0 2.5
107277 107280 107282 107284  0.0 0.0
107376 107387 107379 107381 -120.0 2.5
107411 107414 107416 107418  0.0 0.0
107510 107521 107513 107515 -120.0 2.5
107545 107548 107550 107552  0.0 0.0
107644 107655 107647 107649 -120.0 2.5
107679 107682 107684 107686  0.0 0.0
107778 107789 107781 107783 -120.0 2.5
107813 107816 107818 107820  0.0 0.0
107912 107923 107915 107917 -120.0 2.5
107947 107950 107952 107954  0.0 0.0
108046 108057 108049 108051 -120.0 2.5
108081 108084 108086 108088  0.0 0.0
108180 108191 108183 108185 -120.0 2.5
108215 108218 108220 108222  0.0 0.0
108314 108325 108317 108319 -120.0 2.5
108349 108352 108354 108356  0.0 0.0
108448 108459 108451 108453 -120.0 2.5
108483 108486 108488 108490  0.0 0.0
108582 108593 108585 108587 -120.0 2.5
108617 108620 108622 108624  0.0 0.0
108716 108727 108719 108721 -120.0 2.5
108751 108754 108756 108758  0.0 0.0
108850 108861 108853 108855 -120.0 2.5
108885 108888 108890 108892  0.0 0.0
108984 108995 108987 108989 -120.0 2.5
109019 109022 109024 109026  0.0 0.0
109118 109129 109121 109123 -120.0 2.5
109153 109156 109158 109160  0.0 0.0
109252 109263 109255 109257 -120.0 2.5
109287 109290 109292 109294  0.0 0.0
109386 109397 109389 109391 -120.0 2.5
109421 109424 109426 109428  0.0 0.0
109520 109531 109523 109525 -120.0 2.5
109555 109558 109560 109562  0.0 0.0
109654 109665 109657 109659 -120.0 2.5
109689 109692 109694 109696  0.0 0.0
109788 109799 109791 109793 -120.0 2.5
109823 109826 109828 109830  0.0 0.0
109922 109933 109925 109927 -120.0 2.5
109957 109960 109962 109964  0.0 0.0
110056 110067 110059 110061 -120.0 2.5
110091 110094 110096 110098  0.0 0.0
110190 110201 110193 110195 -120.0 2.5
110225 110228 110230 110232  0.0 0.0
110324 110335 110327 110329 -120.0 2.5
110359 110362 110364 110366  0.0 0.0
110458 110469 110461 110463 -120.0 2.5
110493 110496 110498 110500  0.0 0.0
110592 110603 110595 110597 -120.0 2.5
110627 110630 110632 110634  0.0 0.0
110726 110737 110729 110731 -120.0 2.5
110761 110764 110766 110768  0.0 0.0
110860 110871 110863 110865 -120.0 2.5
110895 110898 110900 110902  0.0 0.0
110994 111005 110997 110999 -120.0 2.5
111029 111032 111034 111036  0.0 0.0
111128 111139 111131 111133 -120.0 2.5
111163 111166 111168 111170  0.0 0.0
111262 111273 111265 111267 -120.0 2.5
111297 111300 111302 111304  0.0 0.0
111396 111407 111399 111401 -120.0 2.5
111431 111434 111436 111438  0.0 0.0
111530 111541 111533 111535 -120.0 2.5
111565 111568 111570 111572  0.0 0.0
111664 111675 111667 111669 -120.0 2.5
111699 111702 111704 111706  0.0 0.0
111798 111809 111801 111803 -120.0 2.5
111833 111836 111838 111840  0.0 0.0
111932 111943 111935 111937 -120.0 2.5
111967 111970 111972 111974  0.0 0.0
112066 112077 112069 112071 -120.0 2.5
112101 112104 112106 112108  0.0 0.0
112200 112211 112203 112205 -120.0 2.5
112235 112238 112240 112242  0.0 0.0
112334 112345 112337 112339 -120.0 2.5
112369 112372 112374 112376  0.0 0.0
112468 112479 112471 112473 -120.0 2.5
112503 112506 112508 112510  0.0 0.0
112602 112613 112605 112607 -120.0 2.5
112637 112640 112642 112644  0.0 0.0
112736 112747 112739 112741 -120.0 2.5
112771 112774 112776 112778  0.0 0.0
112870 112881 112873 112875 -120.0 2.5
112905 112908 112910 112912  0.0 0.0
113004 113015 113007 113009 -120.0 2.5
113039 113042 113044 113046  0.0 0.0
113138 113149 113141 113143 -120.0 2.5
113173 113176 113178 113180  0.0 0.0
113272 113283 113275 113277 -120.0 2.5
113307 113310 113312 113314  0.0 0.0
113406 113417 113409 113411 -120.0 2.5
113441 113444 113446 113448  0.0 0.0
113540 113551 113543 113545 -120.0 2.5
113575 113578 113580 113582  0.0 0.0
113674 113685 113677 113679 -120.0 2.5
113709 113712 113714 113716  0.0 0.0
113808 113819 113811 113813 -120.0 2.5
113843 113846 113848 113850  0.0 0.0
113942 113953 113945 113947 -120.0 2.5
113977 113980 113982 113984  0.0 0.0
114076 114087 114079 114081 -120.0 2.5
114111 114114 114116 114118  0.0 0.0
114210 114221 114213 114215 -120.0 2.5
114245 114248 114250 114252  0.0 0.0
114344 114355 114347 114349 -120.0 2.5
114379 114382 114384 114386  0.0 0.0
114478 114489 114481 114483 -120.0 2.5
114513 114516 114518 114520  0.0 0.0
114612 114623 114615 114617 -120.0 2.5
114647 114650 114652 114654  0.0 0.0
114746 114757 114749 114751 -120.0 2.5
114781 114784 114786 114788  0.0 0.0
114880 114891 114883 114885 -120.0 2.5
114915 114918 114920 114922  0.0 0.0
115014 115025 115017 115019 -120.0 2.5
115049 115052 115054 115056  0.0 0.0
115148 115159 115151 115153 -120.0 2.5
115183 115186 115188 115190  0.0 0.0
115282 115293 115285 115287 -120.0 2.5
115317 115320 115322 115324  0.0 0.0
115416 115427 115419 115421 -120.0 2.5
115451 115454 115456 115458  0.0 0.0
115550 115561 115553 115555 -120.0 2.5
115585 115588 115590 115592  0.0 0.0
115684 115695 115687 115689 -120.0 2.5
115719 115722 115724 115726  0.0 0.0
115818 115829 115821 115823 -120.0 2.5
115853 115856 115858 115860  0.0 0.0
115952 115963 115955 115957 -120.0 2.5
115987 115990 115992 115994  0.0 0.0
116086 116097 116089 116091 -120.0 2.5
116121 116124 116126 116128  0.0 0.0
116220 116231 116223 116225 -120.0 2.5
116255 116258 116260 116262  0.0 0.0
116354 116365 116357 116359 -120.0 2.5
116389 116392 116394 116396  0.0 0.0
116488 116499 116491 116493 -120.0 2.5
116523 116526 116528 116530  0.0 0.0
116622 116633 116625 116627 -120.0 2.5
116657 116660 116662 116664  0.0 0.0
116756 116767 116759 116761 -120.0 2.5
116791 116794 116796 116798  0.0 0.0
116890 116901 116893 116895 -120.0 2.5
116925 116928 116930 116932  0.0 0.0
117024 117035 117027 117029 -120.0 2.5
117059 117062 117064 117066  0.0 0.0
117158 117169 117161 117163 -120.0 2.5
117193 117196 117198 117200  0.0 0.0
117292 117303 117295 117297 -120.0 2.5
117327 117330 117332 117334  0.0 0.0
117426 117437 117429 117431 -120.0 2.5
117461 117464 117466 117468  0.0 0.0
117560 117571 117563 117565 -120.0 2.5
117595 117598 117600 117602  0.0 0.0
117694 117705 117697 117699 -120.0 2.5
117729 117732 117734 117736  0.0 0.0
117828 117839 117831 117833 -120.0 2.5
117863 117866 117868 117870  0.0 0.0
117962 117973 117965 117967 -120.0 2.5
117997 118000 118002 118004  0.0 0.0
118096 118107 118099 118101 -120.0 2.5
118131 118134 118136 118138  0.0 0.0
118230 118241 118233 118235 -120.0 2.5
118265 118268 118270 118272  0.0 0.0
118364 118375 118367 118369 -120.0 2.5
118399 118402 118404 118406  0.0 0.0
118498 118509 118501 118503 -120.0 2.5
118533 118536 118538 118540  0.0 0.0
118632 118643 118635 118637 -120.0 2.5
118667 118670 118672 118674  0.0 0.0
118766 118777 118769 118771 -120.0 2.5
118801 118804 118806 118808  0.0 0.0
118900 118911 118903 118905 -120.0 2.5
118935 118938 118940 118942  0.0 0.0
119034 119045 119037 119039 -120.0 2.5
119069 119072 119074 119076  0.0 0.0
119168 119179 119171 119173 -120.0 2.5
119203 119206 119208 119210  0.0 0.0
119302 119313 119305 119307 -120.0 2.5
119337 119340 119342 119344  0.0 0.0
119436 119447 119439 119441 -120.0 2.5
119471 119474 119476 119478  0.0 0.0
119570 119581 119573 119575 -120.0 2.5
119605 119608 119610 119612  0.0 0.0
119704 119715 119707 119709 -120.0 2.5
119739 119742 119744 119746  0.0 0.0
119838 119849 119841 119843 -120.0 2.5
119873 119876 119878 119880  0.0 0.0
119972 119983 119975 119977 -120.0 2.5
120007 120010 120012 120014  0.0 0.0
120106 120117 120109 120111 -120.0 2.5
120141 120144 120146 120148  0.0 0.0
120240 120251 120243 120245 -120.0 2.5
120275 120278 120280 120282  0.0 0.0
120374 120385 120377 120379 -120.0 2.5
120409 120412 120414 120416  0.0 0.0
120508 120519 120511 120513 -120.0 2.5
120543 120546 120548 120550  0.0 0.0
120642 120653 120645 120647 -120.0 2.5
120677 120680 120682 120684  0.0 0.0
120776 120787 120779 120781 -120.0 2.5
120811 120814 120816 120818  0.0 0.0
120910 120921 120913 120915 -120.0 2.5
120945 120948 120950 120952  0.0 0.0
121044 121055 121047 121049 -120.0 2.5
121079 121082 121084 121086  0.0 0.0
121178 121189 121181 121183 -120.0 2.5
121213 121216 121218 121220  0.0 0.0
121312 121323 121315 121317 -120.0 2.5
121347 121350 121352 121354  0.0 0.0
121446 121457 121449 121451 -120.0 2.5
121481 121484 121486 121488  0.0 0.0
121580 121591 121583 121585 -120.0 2.5
121615 121618 121620 121622  0.0 0.0
121714 121725 121717 121719 -120.0 2.5
121749 121752 121754 121756  0.0 0.0
121848 121859 121851 121853 -120.0 2.5
121883 121886 121888 121890  0.0 0.0
121982 121993 121985 121987 -120.0 2.5
122017 122020 122022 122024  0.0 0.0
122116 122127 122119 122121 -120.0 2.5
122151 122154 122156 122158  0.0 0.0
122250 122261 122253 122255 -120.0 2.5
122285 122288 122290 122292  0.0 0.0
122384 122395 122387 122389 -120.0 2.5
122419 122422 122424 122426  0.0 0.0
122518 122529 122521 122523 -120.0 2.5
122553 122556 122558 122560  0.0 0.0
122652 122663 122655 122657 -120.0 2.5
122687 122690 122692 122694  0.0 0.0
122786 122797 122789 122791 -120.0 2.5
122821 122824 122826 122828  0.0 0.0
122920 122931 122923 122925 -120.0 2.5
122955 122958 122960 122962  0.0 0.0
123054 123065 123057 123059 -120.0 2.5
123089 123092 123094 123096  0.0 0.0
123188 123199 123191 123193 -120.0 2.5
123223 123226 123228 123230  0.0 0.0
123322 123333 123325 123327 -120.0 2.5
123357 123360 123362 123364  0.0 0.0
123456 123467 123459 123461 -120.0 2.5
123491 123494 123496 123498  0.0 0.0
123590 123601 123593 123595 -120.0 2.5
123625 123628 123630 123632  0.0 0.0
123724 123735 123727 123729 -120.0 2.5
123759 123762 123764 123766  0.0 0.0
123858 123869 123861 123863 -120.0 2.5
123893 123896 123898 123900  0.0 0.0
123992 124003 123995 123997 -120.0 2.5
124027 124030 124032 124034  0.0 0.0
124126 124137 124129 124131 -120.0 2.5
124161 124164 124166 124168  0.0 0.0
124260 124271 124263 124265 -120.0 2.5
124295 124298 124300 124302  0.0 0.0
124394 124405 124397 124399 -120.0 2.5
124429 124432 124434 124436  0.0 0.0
124528 124539 124531 124533 -120.0 2.5
124563 124566 124568 124570  0.0 0.0
124662 124673 124665 124667 -120.0 2.5
124697 124700 124702 124704  0.0 0.0
124796 124807 124799 124801 -120.0 2.5
124831 124834 124836 124838  0.0 0.0
124930 124941 124933 124935 -120.0 2.5
124965 124968 124970 124972  0.0 0.0
125064 125075 125067 125069 -120.0 2.5
125099 125102 125104 125106  0.0 0.0
125198 125209 125201 125203 -120.0 2.5
125233 125236 125238 125240  0.0 0.0
125332 125343 125335 125337 -120.0 2.5
125367 125370 125372 125374  0.0 0.0
125466 125477 125469 125471 -120.0 2.5
125501 125504 125506 125508  0.0 0.0
125600 125611 125603 125605 -120.0 2.5
125635 125638 125640 125642  0.0 0.0
125734 125745 125737 125739 -120.0 2.5
125769 125772 125774 125776  0.0 0.0
125868 125879 125871 125873 -120.0 2.5
125903 125906 125908 125910  0.0 0.0
126002 126013 126005 126007 -120.0 2.5
126037 126040 126042 126044  0.0 0.0
126136 126147 126139 126141 -120.0 2.5
126171 126174 126176 126178  0.0 0.0
126270 126281 126273 126275 -120.0 2.5
126305 126308 126310 126312  0.0 0.0
126404 126415 126407 126409 -120.0 2.5
126439 126442 126444 126446  0.0 0.0
126538 126549 126541 126543 -120.0 2.5
126573 126576 126578 126580  0.0 0.0
126672 126683 126675 126677 -120.0 2.5
126707 126710 126712 126714  0.0 0.0
126806 126817 126809 126811 -120.0 2.5
126841 126844 126846 126848  0.0 0.0
126940 126951 126943 126945 -120.0 2.5
126975 126978 126980 126982  0.0 0.0
127074 127085 127077 127079 -120.0 2.5
127109 127112 127114 127116  0.0 0.0
127208 127219 127211 127213 -120.0 2.5
127243 127246 127248 127250  0.0 0.0
127342 127353 127345 127347 -120.0 2.5
127377 127380 127382 127384  0.0 0.0
127476 127487 127479 127481 -120.0 2.5
127511 127514 127516 127518  0.0 0.0
127610 127621 127613 127615 -120.0 2.5
127645 127648 127650 127652  0.0 0.0
127744 127755 127747 127749 -120.0 2.5
127779 127782 127784 127786  0.0 0.0
127878 127889 127881 127883 -120.0 2.5
127913 127916 127918 127920  0.0 0.0
128012 128023 128015 128017 -120.0 2.5
128047 128050 128052 128054  0.0 0.0
128146 128157 128149 128151 -120.0 2.5
128181 128184 128186 128188  0.0 0.0
128280 128291 128283 128285 -120.0 2.5
128315 128318 128320 128322  0.0 0.0
128414 128425 128417 128419 -120.0 2.5
128449 128452 128454 128456  0.0 0.0
128548 128559 128551 128553 -120.0 2.5
128583 128586 128588 128590  0.0 0.0
128682 128693 128685 128687 -120.0 2.5
128717 128720 128722 128724  0.0 0.0
128816 128827 128819 128821 -120.0 2.5
128851 128854 128856 128858  0.0 0.0
128950 128961 128953 128955 -120.0 2.5
128985 128988 128990 128992  0.0 0.0
129084 129095 129087 129089 -120.0 2.5
129119 129122 129124 129126  0.0 0.0
129218 129229 129221 129223 -120.0 2.5
129253 129256 129258 129260  0.0 0.0
129352 129363 129355 129357 -120.0 2.5
129387 129390 129392 129394  0.0 0.0
129486 129497 129489 129491 -120.0 2.5
129521 129524 129526 129528  0.0 0.0
129620 129631 129623 129625 -120.0 2.5
129655 129658 129660 129662  0.0 0.0
129754 129765 129757 129759 -120.0 2.5
129789 129792 129794 129796  0.0 0.0
129888 129899 129891 129893 -120.0 2.5
129923 129926 129928 129930  0.0 0.0
130022 130033 130025 130027 -120.0 2.5
130057 130060 130062 130064  0.0 0.0
130156 130167 130159 130161 -120.0 2.5
130191 130194 130196 130198  0.0 0.0
130290 130301 130293 130295 -120.0 2.5
130325 130328 130330 130332  0.0 0.0
130424 130435 130427 130429 -120.0 2.5
130459 130462 130464 130466  0.0 0.0
130558 130569 130561 130563 -120.0 2.5
130593 130596 130598 130600  0.0 0.0
130692 130703 130695 130697 -120.0 2.5
130727 130730 130732 130734  0.0 0.0
130826 130837 130829 130831 -120.0 2.5
130861 130864 130866 130868  0.0 0.0
130960 130971 130963 130965 -120.0 2.5
130995 130998 131000 131002  0.0 0.0
131094 131105 131097 131099 -120.0 2.5
131129 131132 131134 131136  0.0 0.0
131228 131239 131231 131233 -120.0 2.5
131263 131266 131268 131270  0.0 0.0
131362 131373 131365 131367 -120.0 2.5
131397 131400 131402 131404  0.0 0.0
131496 131507 131499 131501 -120.0 2.5
131531 131534 131536 131538  0.0 0.0
131630 131641 131633 131635 -120.0 2.5
131665 131668 131670 131672  0.0 0.0
131764 131775 131767 131769 -120.0 2.5
131799 131802 131804 131806  0.0 0.0
131898 131909 131901 131903 -120.0 2.5
131933 131936 131938 131940  0.0 0.0
132032 132043 132035 132037 -120.0 2.5
132067 132070 132072 132074  0.0 0.0
132166 132177 132169 132171 -120.0 2.5
132201 132204 132206 132208  0.0 0.0
132300 132311 132303 132305 -120.0 2.5
132335 132338 132340 132342  0.0 0.0
132434 132445 132437 132439 -120.0 2.5
132469 132472 132474 132476  0.0 0.0
132568 132579 132571 132573 -120.0 2.5
132603 132606 132608 132610  0.0 0.0
132702 132713 132705 132707 -120.0 2.5
132737 132740 132742 132744  0.0 0.0
132836 132847 132839 132841 -120.0 2.5
132871 132874 132876 132878  0.0 0.0
132970 132981 132973 132975 -120.0 2.5
133005 133008 133010 133012  0.0 0.0
133104 133115 133107 133109 -120.0 2.5
133139 133142 133144 133146  0.0 0.0
133238 133249 133241 133243 -120.0 2.5
133273 133276 133278 133280  0.0 0.0
133372 133383 133375 133377 -120.0 2.5
133407 133410 133412 133414  0.0 0.0
133506 133517 133509 133511 -120.0 2.5
133541 133544 133546 133548  0.0 0.0
133640 133651 133643 133645 -120.0 2.5
133675 133678 133680 133682  0.0 0.0
133774 133785 133777 133779 -120.0 2.5
133809 133812 133814 133816  0.0 0.0
133908 133919 133911 133913 -120.0 2.5
133943 133946 133948 133950  0.0 0.0
134042 134053 134045 134047 -120.0 2.5
134077 134080 134082 134084  0.0 0.0
134176 134187 134179 134181 -120.0 2.5
134211 134214 134216 134218  0.0 0.0
134310 134321 134313 134315 -120.0 2.5
134345 134348 134350 134352  0.0 0.0
134444 134455 134447 134449 -120.0 2.5
134479 134482 134484 134486  0.0 0.0
134578 134589 134581 134583 -120.0 2.5
134613 134616 134618 134620  0.0 0.0
134712 134723 134715 134717 -120.0 2.5
134747 134750 134752 134754  0.0 0.0
134846 134857 134849 134851 -120.0 2.5
134881 134884 134886 134888  0.0 0.0
134980 134991 134983 134985 -120.0 2.5
135015 135018 135020 135022  0.0 0.0
135114 135125 135117 135119 -120.0 2.5
135149 135152 135154 135156  0.0 0.0
135248 135259 135251 135253 -120.0 2.5
135283 135286 135288 135290  0.0 0.0
135382 135393 135385 135387 -120.0 2.5
135417 135420 135422 135424  0.0 0.0
135516 135527 135519 135521 -120.0 2.5
135551 135554 135556 135558  0.0 0.0
135650 135661 135653 135655 -120.0 2.5
135685 135688 135690 135692  0.0 0.0
135784 135795 135787 135789 -120.0 2.5
135819 135822 135824 135826  0.0 0.0
135918 135929 135921 135923 -120.0 2.5
135953 135956 135958 135960  0.0 0.0
136052 136063 136055 136057 -120.0 2.5
136087 136090 136092 136094  0.0 0.0
136186 136197 136189 136191 -120.0 2.5
136221 136224 136226 136228  0.0 0.0
136320 136331 136323 136325 -120.0 2.5
136355 136358 136360 136362  0.0 0.0
136454 136465 136457 136459 -120.0 2.5
136489 136492 136494 136496  0.0 0.0
136588 136599 136591 136593 -120.0 2.5
136623 136626 136628 136630  0.0 0.0
136722 136733 136725 136727 -120.0 2.5
136757 136760 136762 136764  0.0 0.0
136856 136867 136859 136861 -120.0 2.5
136891 136894 136896 136898  0.0 0.0
136990 137001 136993 136995 -120.0 2.5
137025 137028 137030 137032  0.0 0.0
137124 137135 137127 137129 -120.0 2.5
137159 137162 137164 137166  0.0 0.0
137258 137269 137261 137263 -120.0 2.5
137293 137296 137298 137300  0.0 0.0
137392 137403 137395 137397 -120.0 2.5
137427 137430 137432 137434  0.0 0.0
137526 137537 137529 137531 -120.0 2.5
137561 137564 137566 137568  0.0 0.0
137660 137671 137663 137665 -120.0 2.5
137695 137698 137700 137702  0.0 0.0
137794 137805 137797 137799 -120.0 2.5
137829 137832 137834 137836  0.0 0.0
137928 137939 137931 137933 -120.0 2.5
137963 137966 137968 137970  0.0 0.0
138062 138073 138065 138067 -120.0 2.5
138097 138100 138102 138104  0.0 0.0
138196 138207 138199 138201 -120.0 2.5
138231 138234 138236 138238  0.0 0.0
138330 138341 138333 138335 -120.0 2.5
138365 138368 138370 138372  0.0 0.0
138464 138475 138467 138469 -120.0 2.5
138499 138502 138504 138506  0.0 0.0
138598 138609 138601 138603 -120.0 2.5
138633 138636 138638 138640  0.0 0.0
138732 138743 138735 138737 -120.0 2.5
138767 138770 138772 138774  0.0 0.0
138866 138877 138869 138871 -120.0 2.5
138901 138904 138906 138908  0.0 0.0
139000 139011 139003 139005 -120.0 2.5
139035 139038 139040 139042  0.0 0.0
139134 139145 139137 139139 -120.0 2.5
139169 139172 139174 139176  0.0 0.0
139268 139279 139271 139273 -120.0 2.5
139303 139306 139308 139310  0.0 0.0
139402 139413 139405 139407 -120.0 2.5
139437 139440 139442 139444  0.0 0.0
139536 139547 139539 139541 -120.0 2.5
139571 139574 139576 139578  0.0 0.0
139670 139681 139673 139675 -120.0 2.5
139705 139708 139710 139712  0.0 0.0
139804 139815 139807 139809 -120.0 2.5
139839 139842 139844 139846  0.0 0.0
139938 139949 139941 139943 -120.0 2.5
139973 139976 139978 139980  0.0 0.0
140072 140083 140075 140077 -120.0 2.5
140107 140110 140112 140114  0.0 0.0
140206 140217 140209 140211 -120.0 2.5
140241 140244 140246 140248  0.0 0.0
140340 140351 140343 140345 -120.0 2.5
140375 140378 140380 140382  0.0 0.0
140474 140485 140477 140479 -120.0 2.5
140509 140512 140514 140516  0.0 0.0
140608 140619 140611 140613 -120.0 2.5
140643 140646 140648 140650  0.0 0.0
140742 140753 140745 140747 -120.0 2.5
140777 140780 140782 140784  0.0 0.0
140876 140887 140879 140881 -120.0 2.5
140911 140914 140916 140918  0.0 0.0
141010 141021 141013 141015 -120.0 2.5
141045 141048 141050 141052  0.0 0.0
141144 141155 141147 141149 -120.0 2.5
141179 141182 141184 141186  0.0 0.0
141278 141289 141281 141283 -120.0 2.5
141313 141316 141318 141320  0.0 0.0
141412 141423 141415 141417 -120.0 2.5
141447 141450 141452 141454  0.0 0.0
141546 141557 141549 141551 -120.0 2.5
141581 141584 141586 141588  0.0 0.0
141680 141691 141683 141685 -120.0 2.5
141715 141718 141720 141722  0.0 0.0
141814 141825 141817 141819 -120.0 2.5
141849 141852 141854 141856  0.0 0.0
141948 141959 141951 141953 -120.0 2.5
141983 141986 141988 141990  0.0 0.0
142082 142093 142085 142087 -120.0 2.5
142117 142120 142122 142124  0.0 0.0
142216 142227 142219 142221 -120.0 2.5
142251 142254 142256 142258  0.0 0.0
142350 142361 142353 142355 -120.0 2.5
142385 142388 142390 142392  0.0 0.0
142484 142495 142487 142489 -120.0 2.5
142519 142522 142524 142526  0.0 0.0
142618 142629 142621 142623 -120.0 2.5
142653 142656 142658 142660  0.0 0.0
142752 142763 142755 142757 -120.0 2.5
142787 142790 142792 142794  0.0 0.0
142886 142897 142889 142891 -120.0 2.5
142921 142924 142926 142928  0.0 0.0
143020 143031 143023 143025 -120.0 2.5
143055 143058 143060 143062  0.0 0.0
143154 143165 143157 143159 -120.0 2.5
143189 143192 143194 143196  0.0 0.0
143288 143299 143291 143293 -120.0 2.5
143323 143326 143328 143330  0.0 0.0
143422 143433 143425 143427 -120.0 2.5
143457 143460 143462 143464  0.0 0.0
143556 143567 143559 143561 -120.0 2.5
143591 143594 143596 143598  0.0 0.0
143690 143701 143693 143695 -120.0 2.5
143725 143728 143730 143732  0.0 0.0
143824 143835 143827 143829 -120.0 2.5
143859 143862 143864 143866  0.0 0.0
143958 143969 143961 143963 -120.0 2.5
143993 143996 143998 144000  0.0 0.0
144092 144103 144095 144097 -120.0 2.5
144127 144130 144132 144134  0.0 0.0
144226 144237 144229 144231 -120.0 2.5
144261 144264 144266 144268  0.0 0.0
144360 144371 144363 144365 -120.0 2.5
144395 144398 144400 144402  0.0 0.0
144494 144505 144497 144499 -120.0 2.5
144529 144532 144534 144536  0.0 0.0
144628 144639 144631 144633 -120.0 2.5
144663 144666 144668 144670  0.0 0.0
144762 144773 144765 144767 -120.0 2.5
144797 144800 144802 144804  0.0 0.0
144896 144907 144899 144901 -120.0 2.5
144931 144934 144936 144938  0.0 0.0
145030 145041 145033 145035 -120.0 2.5
145065 145068 145070 145072  0.0 0.0
145164 145175 145167 145169 -120.0 2.5
145199 145202 145204 145206  0.0 0.0
145298 145309 145301 145303 -120.0 2.5
145333 145336 145338 145340  0.0 0.0
145432 145443 145435 145437 -120.0 2.5
145467 145470 145472 145474  0.0 0.0
145566 145577 145569 145571 -120.0 2.5
145601 145604 145606 145608  0.0 0.0
145700 145711 145703 145705 -120.0 2.5
145735 145738 145740 145742  0.0 0.0
145834 145845 145837 145839 -120.0 2.5
145869 145872 145874 145876  0.0 0.0
145968 145979 145971 145973 -120.0 2.5
146003 146006 146008 146010  0.0 0.0
146102 146113 146105 146107 -120.0 2.5
146137 146140 146142 146144  0.0 0.0
146236 146247 146239 146241 -120.0 2.5
146271 146274 146276 146278  0.0 0.0
146370 146381 146373 146375 -120.0 2.5
146405 146408 146410 146412  0.0 0.0
146504 146515 146507 146509 -120.0 2.5
146539 146542 146544 146546  0.0 0.0
146638 146649 146641 146643 -120.0 2.5
146673 146676 146678 146680  0.0 0.0
146772 146783 146775 146777 -120.0 2.5
146807 146810 146812 146814  0.0 0.0
146906 146917 146909 146911 -120.0 2.5
146941 146944 146946 146948  0.0 0.0
147040 147051 147043 147045 -120.0 2.5
147075 147078 147080 147082  0.0 0.0
147174 147185 147177 147179 -120.0 2.5
147209 147212 147214 147216  0.0 0.0
147308 147319 147311 147313 -120.0 2.5
147343 147346 147348 147350  0.0 0.0
147442 147453 147445 147447 -120.0 2.5
147477 147480 147482 147484  0.0 0.0
147576 147587 147579 147581 -120.0 2.5
147611 147614 147616 147618  0.0 0.0
147710 147721 147713 147715 -120.0 2.5
147745 147748 147750 147752  0.0 0.0
147844 147855 147847 147849 -120.0 2.5
147879 147882 147884 147886  0.0 0.0
147978 147989 147981 147983 -120.0 2.5
148013 148016 148018 148020  0.0 0.0
148112 148123 148115 148117 -120.0 2.5
148147 148150 148152 148154  0.0 0.0
148246 148257 148249 148251 -120.0 2.5
148281 148284 148286 148288  0.0 0.0
148380 148391 148383 148385 -120.0 2.5
148415 148418 148420 148422  0.0 0.0
148514 148525 148517 148519 -120.0 2.5
148549 148552 148554 148556  0.0 0.0
148648 148659 148651 148653 -120.0 2.5
148683 148686 148688 148690  0.0 0.0
148782 148793 148785 148787 -120.0 2.5
148817 148820 148822 148824  0.0 0.0
148916 148927 148919 148921 -120.0 2.5
148951 148954 148956 148958  0.0 0.0
149050 149061 149053 149055 -120.0 2.5
149085 149088 149090 149092  0.0 0.0
149184 149195 149187 149189 -120.0 2.5
149219 149222 149224 149226  0.0 0.0
149318 149329 149321 149323 -120.0 2.5
149353 149356 149358 149360  0.0 0.0
149452 149463 149455 149457 -120.0 2.5
149487 149490 149492 149494  0.0 0.0
149586 149597 149589 149591 -120.0 2.5
149621 149624 149626 149628  0.0 0.0
149720 149731 149723 149725 -120.0 2.5
149755 149758 149760 149762  0.0 0.0
149854 149865 149857 149859 -120.0 2.5
149889 149892 149894 149896  0.0 0.0
149988 149999 149991 149993 -120.0 2.5
150023 150026 150028 150030  0.0 0.0
150122 150133 150125 150127 -120.0 2.5
150157 150160 150162 150164  0.0 0.0
150256 150267 150259 150261 -120.0 2.5
150291 150294 150296 150298  0.0 0.0
150390 150401 150393 150395 -120.0 2.5
150425 150428 150430 150432  0.0 0.0
150524 150535 150527 150529 -120.0 2.5
150559 150562 150564 150566  0.0 0.0
150658 150669 150661 150663 -120.0 2.5
150693 150696 150698 150700  0.0 0.0
150792 150803 150795 150797 -120.0 2.5
150827 150830 150832 150834  0.0 0.0
150926 150937 150929 150931 -120.0 2.5
150961 150964 150966 150968  0.0 0.0
151060 151071 151063 151065 -120.0 2.5
151095 151098 151100 151102  0.0 0.0
151194 151205 151197 151199 -120.0 2.5
151229 151232 151234 151236  0.0 0.0
151328 151339 151331 151333 -120.0 2.5
151363 151366 151368 151370  0.0 0.0
151462 151473 151465 151467 -120.0 2.5
151497 151500 151502 151504  0.0 0.0
151596 151607 151599 151601 -120.0 2.5
151631 151634 151636 151638  0.0 0.0
151730 151741 151733 151735 -120.0 2.5
151765 151768 151770 151772  0.0 0.0
151864 151875 151867 151869 -120.0 2.5
151899 151902 151904 151906  0.0 0.0
151998 152009 152001 152003 -120.0 2.5
152033 152036 152038 152040  0.0 0.0
152132 152143 152135 152137 -120.0 2.5
152167 152170 152172 152174  0.0 0.0
152266 152277 152269 152271 -120.0 2.5
152301 152304 152306 152308  0.0 0.0
152400 152411 152403 152405 -120.0 2.5
152435 152438 152440 152442  0.0 0.0
152534 152545 152537 152539 -120.0 2.5
152569 152572 152574 152576  0.0 0.0
152668 152679 152671 152673 -120.0 2.5
152703 152706 152708 152710  0.0 0.0
152802 152813 152805 152807 -120.0 2.5
152837 152840 152842 152844  0.0 0.0
152936 152947 152939 152941 -120.0 2.5
152971 152974 152976 152978  0.0 0.0
153070 153081 153073 153075 -120.0 2.5
153105 153108 153110 153112  0.0 0.0
153204 153215 153207 153209 -120.0 2.5
153239 153242 153244 153246  0.0 0.0
153338 153349 153341 153343 -120.0 2.5
153373 153376 153378 153380  0.0 0.0
153472 153483 153475 153477 -120.0 2.5
153507 153510 153512 153514  0.0 0.0
153606 153617 153609 153611 -120.0 2.5
153641 153644 153646 153648  0.0 0.0
153740 153751 153743 153745 -120.0 2.5
153775 153778 153780 153782  0.0 0.0
153874 153885 153877 153879 -120.0 2.5
153909 153912 153914 153916  0.0 0.0
154008 154019 154011 154013 -120.0 2.5
154043 154046 154048 154050  0.0 0.0
154142 154153 154145 154147 -120.0 2.5
154177 154180 154182 154184  0.0 0.0
