43855
43989
44123
44257
44391
44525
44659
44793
44927
45061
45195
45329
45463
45597
45731
45865
45999
46133
46267
46401
46535
46669
46803
46937
47071
47205
47339
47473
47607
47741
47875
48009
48143
48277
48411
48545
48679
48813
48947
49081
49215
49349
49483
49617
49751
49885
50019
50153
50287
50421
50555
50689
50823
50957
51091
51225
51359
51493
51627
51761
51895
52029
52163
52297
52431
52565
52699
52833
52967
53101
53235
53369
53503
53637
53771
53905
54039
54173
54307
54441
54575
54709
54843
54977
55111
55245
55379
55513
55647
55781
55915
56049
56183
56317
56451
56585
56719
56853
56987
57121
57255
57389
57523
57657
57791
57925
58059
58193
58327
58461
58595
58729
58863
58997
59131
59265
59399
59533
59667
59801
59935
60069
60203
60337
60471
60605
60739
60873
61007
61141
61275
61409
61543
61677
61811
61945
62079
62213
62347
62481
62615
62749
62883
63017
63151
63285
63419
63553
63687
63821
63955
64089
64223
64357
64491
64625
64759
64893
65027
65161
65295
65429
65563
65697
65831
65965
66099
66233
66367
66501
66635
66769
66903
67037
67171
67305
67439
67573
67707
67841
67975
68109
68243
68377
68511
68645
68779
68913
69047
69181
69315
69449
69583
69717
69851
69985
70119
70253
70387
70521
70655
70789
70923
71057
71191
71325
71459
71593
71727
71861
71995
72129
72263
72397
72531
72665
72799
72933
73067
73201
73335
73469
73603
73737
73871
74005
74139
74273
74407
74541
74675
74809
74943
75077
75211
75345
75479
75613
75747
75881
76015
76149
76283
76417
76551
76685
76819
76953
77087
77221
77355
77489
77623
77757
77891
78025
78159
78293
78427
78561
78695
78829
78963
79097
79231
79365
79499
79633
79767
79901
80035
80169
80303
80437
80571
80705
80839
80973
81107
81241
81375
81509
81643
81777
81911
82045
82179
82313
82447
82581
82715
82849
82983
83117
83251
83385
83519
83653
83787
83921
84055
84189
84323
84457
84591
84725
84859
84993
85127
85261
85395
85529
85663
85797
85931
86065
86199
86333
86467
86601
86735
86869
87003
87137
87271
87405
87539
87673
87807
87941
88075
88209
88343
88477
88611
88745
88879
89013
89147
89281
89415
89549
89683
89817
89951
90085
90219
90353
90487
90621
90755
90889
91023
91157
91291
91425
91559
91693
91827
91961
92095
92229
92363
92497
92631
92765
92899
93033
93167
93301
93435
93569
93703
93837
93971
94105
94239
94373
94507
94641
94775
94909
95043
95177
95311
95445
95579
95713
95847
95981
96115
96249
96383
96517
96651
96785
96919
97053
97187
97321
97455
97589
97723
97857
97991
98125
98259
98393
98527
98661
98795
98929
99063
99197
99331
99465
99599
99733
99867
100001
100135
100269
100403
100537
100671
100805
100939
101073
101207
101341
101475
101609
101743
101877
102011
102145
102279
102413
102547
102681
102815
102949
103083
103217
103351
103485
103619
103753
103887
104021
104155
104289
104423
104557
104691
104825
104959
105093
105227
105361
105495
105629
105763
105897
106031
106165
106299
106433
106567
106701
106835
106969
107103
107237
107371
107505
107639
107773
107907
108041
108175
108309
108443
108577
108711
108845
108979
109113
109247
109381
109515
109649
109783
109917
110051
110185
110319
110453
110587
110721
110855
110989
111123
111257
111391
111525
111659
111793
111927
112061
112195
112329
112463
112597
112731
112865
112999
113133
113267
113401
113535
113669
113803
113937
114071
114205
114339
114473
114607
114741
114875
115009
115143
115277
115411
115545
115679
115813
115947
116081
116215
116349
116483
116617
116751
116885
117019
117153
117287
117421
117555
117689
117823
117957
118091
118225
118359
118493
118627
118761
118895
119029
119163
119297
119431
119565
119699
119833
119967
120101
120235
120369
120503
120637
120771
120905
121039
121173
121307
121441
121575
121709
121843
121977
122111
122245
122379
122513
122647
122781
122915
123049
123183
123317
123451
123585
123719
123853
123987
124121
124255
124389
124523
124657
124791
124925
125059
125193
125327
125461
125595
125729
125863
125997
126131
126265
126399
126533
126667
126801
126935
127069
127203
127337
127471
127605
127739
127873
128007
128141
128275
128409
128543
128677
128811
128945
129079
129213
129347
129481
129615
129749
129883
130017
130151
130285
130419
130553
130687
130821
130955
131089
131223
131357
131491
131625
131759
131893
132027
132161
132295
132429
132563
132697
132831
132965
133099
133233
133367
133501
133635
133769
133903
134037
134171
134305
134439
134573
134707
134841
134975
135109
135243
135377
135511
135645
135779
135913
136047
136181
136315
136449
136583
136717
136851
136985
137119
137253
137387
137521
137655
137789
137923
138057
138191
138325
138459
138593
138727
138861
138995
139129
139263
139397
139531
139665
139799
139933
140067
140201
140335
140469
140603
140737
140871
141005
141139
141273
141407
141541
141675
141809
141943
142077
142211
142345
142479
142613
142747
142881
143015
143149
143283
143417
143551
143685
143819
143953
144087
144221
144355
144489
144623
144757
144891
145025
145159
145293
145427
145561
145695
145829
145963
146097
146231
146365
146499
146633
146767
146901
147035
147169
147303
147437
147571
147705
147839
147973
148107
148241
148375
148509
148643
148777
148911
149045
149179
149313
149447
149581
149715
149849
149983
150117
150251
150385
150519
150653
150787
150921
151055
151189
151323
151457
151591
151725
151859
151993
152127
152261
152395
152529
152663
152797
152931
153065
153199
153333
153467
153601
153735
153869
154003
154137
