43926 43937 43929 43931 -120.0 2.5
43961 43964 43966 43968  0.0 0.0
44060 44071 44063 44065 -120.0 2.5
44095 44098 44100 44102  0.0 0.0
44194 44205 44197 44199 -120.0 2.5
44229 44232 44234 44236  0.0 0.0
44328 44339 44331 44333 -120.0 2.5
44363 44366 44368 44370  0.0 0.0
44462 44473 44465 44467 -120.0 2.5
44497 44500 44502 44504  0.0 0.0
44596 44607 44599 44601 -120.0 2.5
44631 44634 44636 44638  0.0 0.0
44730 44741 44733 44735 -120.0 2.5
44765 44768 44770 44772  0.0 0.0
44864 44875 44867 44869 -120.0 2.5
44899 44902 44904 44906  0.0 0.0
44998 45009 45001 45003 -120.0 2.5
45033 45036 45038 45040  0.0 0.0
45132 45143 45135 45137 -120.0 2.5
45167 45170 45172 45174  0.0 0.0
45266 45277 45269 45271 -120.0 2.5
45301 45304 45306 45308  0.0 0.0
45400 45411 45403 45405 -120.0 2.5
45435 45438 45440 45442  0.0 0.0
45534 45545 45537 45539 -120.0 2.5
45569 45572 45574 45576  0.0 0.0
45668 45679 45671 45673 -120.0 2.5
45703 45706 45708 45710  0.0 0.0
45802 45813 45805 45807 -120.0 2.5
45837 45840 45842 45844  0.0 0.0
45936 45947 45939 45941 -120.0 2.5
45971 45974 45976 45978  0.0 0.0
46070 46081 46073 46075 -120.0 2.5
46105 46108 46110 46112  0.0 0.0
46204 46215 46207 46209 -120.0 2.5
46239 46242 46244 46246  0.0 0.0
46338 46349 46341 46343 -120.0 2.5
46373 46376 46378 46380  0.0 0.0
46472 46483 46475 46477 -120.0 2.5
46507 46510 46512 46514  0.0 0.0
46606 46617 46609 46611 -120.0 2.5
46641 46644 46646 46648  0.0 0.0
46740 46751 46743 46745 -120.0 2.5
46775 46778 46780 46782  0.0 0.0
46874 46885 46877 46879 -120.0 2.5
46909 46912 46914 46916  0.0 0.0
47008 47019 47011 47013 -120.0 2.5
47043 47046 47048 47050  0.0 0.0
47142 47153 47145 47147 -120.0 2.5
47177 47180 47182 47184  0.0 0.0
47276 47287 47279 47281 -120.0 2.5
47311 47314 47316 47318  0.0 0.0
47410 47421 47413 47415 -120.0 2.5
47445 47448 47450 47452  0.0 0.0
47544 47555 47547 47549 -120.0 2.5
47579 47582 47584 47586  0.0 0.0
47678 47689 47681 47683 -120.0 2.5
47713 47716 47718 47720  0.0 0.0
47812 47823 47815 47817 -120.0 2.5
47847 47850 47852 47854  0.0 0.0
47946 47957 47949 47951 -120.0 2.5
47981 47984 47986 47988  0.0 0.0
48080 48091 48083 48085 -120.0 2.5
48115 48118 48120 48122  0.0 0.0
48214 48225 48217 48219 -120.0 2.5
48249 48252 48254 48256  0.0 0.0
48348 48359 48351 48353 -120.0 2.5
48383 48386 48388 48390  0.0 0.0
48482 48493 48485 48487 -120.0 2.5
48517 48520 48522 48524  0.0 0.0
48616 48627 48619 48621 -120.0 2.5
48651 48654 48656 48658  0.0 0.0
48750 48761 48753 48755 -120.0 2.5
48785 48788 48790 48792  0.0 0.0
48884 48895 48887 48889 -120.0 2.5
48919 48922 48924 48926  0.0 0.0
49018 49029 49021 49023 -120.0 2.5
49053 49056 49058 49060  0.0 0.0
49152 49163 49155 49157 -120.0 2.5
49187 49190 49192 49194  0.0 0.0
49286 49297 49289 49291 -120.0 2.5
49321 49324 49326 49328  0.0 0.0
49420 49431 49423 49425 -120.0 2.5
49455 49458 49460 49462  0.0 0.0
49554 49565 49557 49559 -120.0 2.5
49589 49592 49594 49596  0.0 0.0
49688 49699 49691 49693 -120.0 2.5
49723 49726 49728 49730  0.0 0.0
49822 49833 49825 49827 -120.0 2.5
49857 49860 49862 49864  0.0 0.0
49956 49967 49959 49961 -120.0 2.5
49991 49994 49996 49998  0.0 0.0
50090 50101 50093 50095 -120.0 2.5
50125 50128 50130 50132  0.0 0.0
50224 50235 50227 50229 -120.0 2.5
50259 50262 50264 50266  0.0 0.0
50358 50369 50361 50363 -120.0 2.5
50393 50396 50398 50400  0.0 0.0
50492 50503 50495 50497 -120.0 2.5
50527 50530 50532 50534  0.0 0.0
50626 50637 50629 50631 -120.0 2.5
50661 50664 50666 50668  0.0 0.0
50760 50771 50763 50765 -120.0 2.5
50795 50798 50800 50802  0.0 0.0
50894 50905 50897 50899 -120.0 2.5
50929 50932 50934 50936  0.0 0.0
51028 51039 51031 51033 -120.0 2.5
51063 51066 51068 51070  0.0 0.0
51162 51173 51165 51167 -120.0 2.5
51197 51200 51202 51204  0.0 0.0
51296 51307 51299 51301 -120.0 2.5
51331 51334 51336 51338  0.0 0.0
51430 51441 51433 51435 -120.0 2.5
51465 51468 51470 51472  0.0 0.0
51564 51575 51567 51569 -120.0 2.5
51599 51602 51604 51606  0.0 0.0
51698 51709 51701 51703 -120.0 2.5
51733 51736 51738 51740  0.0 0.0
51832 51843 51835 51837 -120.0 2.5
51867 51870 51872 51874  0.0 0.0
51966 51977 51969 51971 -120.0 2.5
52001 52004 52006 52008  0.0 0.0
52100 52111 52103 52105 -120.0 2.5
52135 52138 52140 52142  0.0 0.0
52234 52245 52237 52239 -120.0 2.5
52269 52272 52274 52276  0.0 0.0
52368 52379 52371 52373 -120.0 2.5
52403 52406 52408 52410  0.0 0.0
52502 52513 52505 52507 -120.0 2.5
52537 52540 52542 52544  0.0 0.0
52636 52647 52639 52641 -120.0 2.5
52671 52674 52676 52678  0.0 0.0
52770 52781 52773 52775 -120.0 2.5
52805 52808 52810 52812  0.0 0.0
52904 52915 52907 52909 -120.0 2.5
52939 52942 52944 52946  0.0 0.0
53038 53049 53041 53043 -120.0 2.5
53073 53076 53078 53080  0.0 0.0
53172 53183 53175 53177 -120.0 2.5
53207 53210 53212 53214  0.0 0.0
53306 53317 53309 53311 -120.0 2.5
53341 53344 53346 53348  0.0 0.0
53440 53451 53443 53445 -120.0 2.5
53475 53478 53480 53482  0.0 0.0
53574 53585 53577 53579 -120.0 2.5
53609 53612 53614 53616  0.0 0.0
53708 53719 53711 53713 -120.0 2.5
53743 53746 53748 53750  0.0 0.0
53842 53853 53845 53847 -120.0 2.5
53877 53880 53882 53884  0.0 0.0
53976 53987 53979 53981 -120.0 2.5
54011 54014 54016 54018  0.0 0.0
54110 54121 54113 54115 -120.0 2.5
54145 54148 54150 54152  0.0 0.0
54244 54255 54247 54249 -120.0 2.5
54279 54282 54284 54286  0.0 0.0
54378 54389 54381 54383 -120.0 2.5
54413 54416 54418 54420  0.0 0.0
54512 54523 54515 54517 -120.0 2.5
54547 54550 54552 54554  0.0 0.0
54646 54657 54649 54651 -120.0 2.5
54681 54684 54686 54688  0.0 0.0
54780 54791 54783 54785 -120.0 2.5
54815 54818 54820 54822  0.0 0.0
54914 54925 54917 54919 -120.0 2.5
54949 54952 54954 54956  0.0 0.0
55048 55059 55051 55053 -120.0 2.5
55083 55086 55088 55090  0.0 0.0
55182 55193 55185 55187 -120.0 2.5
55217 55220 55222 55224  0.0 0.0
55316 55327 55319 55321 -120.0 2.5
55351 55354 55356 55358  0.0 0.0
55450 55461 55453 55455 -120.0 2.5
55485 55488 55490 55492  0.0 0.0
55584 55595 55587 55589 -120.0 2.5
55619 55622 55624 55626  0.0 0.0
55718 55729 55721 55723 -120.0 2.5
55753 55756 55758 55760  0.0 0.0
55852 55863 55855 55857 -120.0 2.5
55887 55890 55892 55894  0.0 0.0
55986 55997 55989 55991 -120.0 2.5
56021 56024 56026 56028  0.0 0.0
56120 56131 56123 56125 -120.0 2.5
56155 56158 56160 56162  0.0 0.0
56254 56265 56257 56259 -120.0 2.5
56289 56292 56294 56296  0.0 0.0
56388 56399 56391 56393 -120.0 2.5
56423 56426 56428 56430  0.0 0.0
56522 56533 56525 56527 -120.0 2.5
56557 56560 56562 56564  0.0 0.0
56656 56667 56659 56661 -120.0 2.5
56691 56694 56696 56698  0.0 0.0
56790 56801 56793 56795 -120.0 2.5
56825 56828 56830 56832  0.0 0.0
56924 56935 56927 56929 -120.0 2.5
56959 56962 56964 56966  0.0 0.0
57058 57069 57061 57063 -120.0 2.5
57093 57096 57098 57100  0.0 0.0
57192 57203 57195 57197 -120.0 2.5
57227 57230 57232 57234  0.0 0.0
57326 57337 57329 57331 -120.0 2.5
57361 57364 57366 57368  0.0 0.0
57460 57471 57463 57465 -120.0 2.5
57495 57498 57500 57502  0.0 0.0
57594 57605 57597 57599 -120.0 2.5
57629 57632 57634 57636  0.0 0.0
57728 57739 57731 57733 -120.0 2.5
57763 57766 57768 57770  0.0 0.0
57862 57873 57865 57867 -120.0 2.5
57897 57900 57902 57904  0.0 0.0
57996 58007 57999 58001 -120.0 2.5
58031 58034 58036 58038  0.0 0.0
58130 58141 58133 58135 -120.0 2.5
58165 58168 58170 58172  0.0 0.0
58264 58275 58267 58269 -120.0 2.5
58299 58302 58304 58306  0.0 0.0
58398 58409 58401 58403 -120.0 2.5
58433 58436 58438 58440  0.0 0.0
58532 58543 58535 58537 -120.0 2.5
58567 58570 58572 58574  0.0 0.0
58666 58677 58669 58671 -120.0 2.5
58701 58704 58706 58708  0.0 0.0
58800 58811 58803 58805 -120.0 2.5
58835 58838 58840 58842  0.0 0.0
58934 58945 58937 58939 -120.0 2.5
58969 58972 58974 58976  0.0 0.0
59068 59079 59071 59073 -120.0 2.5
59103 59106 59108 59110  0.0 0.0
59202 59213 59205 59207 -120.0 2.5
59237 59240 59242 59244  0.0 0.0
59336 59347 59339 59341 -120.0 2.5
59371 59374 59376 59378  0.0 0.0
59470 59481 59473 59475 -120.0 2.5
59505 59508 59510 59512  0.0 0.0
59604 59615 59607 59609 -120.0 2.5
59639 59642 59644 59646  0.0 0.0
59738 59749 59741 59743 -120.0 2.5
59773 59776 59778 59780  0.0 0.0
59872 59883 59875 59877 -120.0 2.5
59907 59910 59912 59914  0.0 0.0
60006 60017 60009 60011 -120.0 2.5
60041 60044 60046 60048  0.0 0.0
60140 60151 60143 60145 -120.0 2.5
60175 60178 60180 60182  0.0 0.0
60274 60285 60277 60279 -120.0 2.5
60309 60312 60314 60316  0.0 0.0
60408 60419 60411 60413 -120.0 2.5
60443 60446 60448 60450  0.0 0.0
60542 60553 60545 60547 -120.0 2.5
60577 60580 60582 60584  0.0 0.0
60676 60687 60679 60681 -120.0 2.5
60711 60714 60716 60718  0.0 0.0
60810 60821 60813 60815 -120.0 2.5
60845 60848 60850 60852  0.0 0.0
60944 60955 60947 60949 -120.0 2.5
60979 60982 60984 60986  0.0 0.0
61078 61089 61081 61083 -120.0 2.5
61113 61116 61118 61120  0.0 0.0
61212 61223 61215 61217 -120.0 2.5
61247 61250 61252 61254  0.0 0.0
61346 61357 61349 61351 -120.0 2.5
61381 61384 61386 61388  0.0 0.0
61480 61491 61483 61485 -120.0 2.5
61515 61518 61520 61522  0.0 0.0
61614 61625 61617 61619 -120.0 2.5
61649 61652 61654 61656  0.0 0.0
61748 61759 61751 61753 -120.0 2.5
61783 61786 61788 61790  0.0 0.0
61882 61893 61885 61887 -120.0 2.5
61917 61920 61922 61924  0.0 0.0
62016 62027 62019 62021 -120.0 2.5
62051 62054 62056 62058  0.0 0.0
62150 62161 62153 62155 -120.0 2.5
62185 62188 62190 62192  0.0 0.0
62284 62295 62287 62289 -120.0 2.5
62319 62322 62324 62326  0.0 0.0
62418 62429 62421 62423 -120.0 2.5
62453 62456 62458 62460  0.0 0.0
62552 62563 62555 62557 -120.0 2.5
62587 62590 62592 62594  0.0 0.0
62686 62697 62689 62691 -120.0 2.5
62721 62724 62726 62728  0.0 0.0
62820 62831 62823 62825 -120.0 2.5
62855 62858 62860 62862  0.0 0.0
62954 62965 62957 62959 -120.0 2.5
62989 62992 62994 62996  0.0 0.0
63088 63099 63091 63093 -120.0 2.5
63123 63126 63128 63130  0.0 0.0
63222 63233 63225 63227 -120.0 2.5
63257 63260 63262 63264  0.0 0.0
63356 63367 63359 63361 -120.0 2.5
63391 63394 63396 63398  0.0 0.0
63490 63501 63493 63495 -120.0 2.5
63525 63528 63530 63532  0.0 0.0
63624 63635 63627 63629 -120.0 2.5
63659 63662 63664 63666  0.0 0.0
63758 63769 63761 63763 -120.0 2.5
63793 63796 63798 63800  0.0 0.0
63892 63903 63895 63897 -120.0 2.5
63927 63930 63932 63934  0.0 0.0
64026 64037 64029 64031 -120.0 2.5
64061 64064 64066 64068  0.0 0.0
64160 64171 64163 64165 -120.0 2.5
64195 64198 64200 64202  0.0 0.0
64294 64305 64297 64299 -120.0 2.5
64329 64332 64334 64336  0.0 0.0
64428 64439 64431 64433 -120.0 2.5
64463 64466 64468 64470  0.0 0.0
64562 64573 64565 64567 -120.0 2.5
64597 64600 64602 64604  0.0 0.0
64696 64707 64699 64701 -120.0 2.5
64731 64734 64736 64738  0.0 0.0
64830 64841 64833 64835 -120.0 2.5
64865 64868 64870 64872  0.0 0.0
64964 64975 64967 64969 -120.0 2.5
64999 65002 65004 65006  0.0 0.0
65098 65109 65101 65103 -120.0 2.5
65133 65136 65138 65140  0.0 0.0
65232 65243 65235 65237 -120.0 2.5
65267 65270 65272 65274  0.0 0.0
65366 65377 65369 65371 -120.0 2.5
65401 65404 65406 65408  0.0 0.0
65500 65511 65503 65505 -120.0 2.5
65535 65538 65540 65542  0.0 0.0
65634 65645 65637 65639 -120.0 2.5
65669 65672 65674 65676  0.0 0.0
65768 65779 65771 65773 -120.0 2.5
65803 65806 65808 65810  0.0 0.0
65902 65913 65905 65907 -120.0 2.5
65937 65940 65942 65944  0.0 0.0
66036 66047 66039 66041 -120.0 2.5
66071 66074 66076 66078  0.0 0.0
66170 66181 66173 66175 -120.0 2.5
66205 66208 66210 66212  0.0 0.0
66304 66315 66307 66309 -120.0 2.5
66339 66342 66344 66346  0.0 0.0
66438 66449 66441 66443 -120.0 2.5
66473 66476 66478 66480  0.0 0.0
66572 66583 66575 66577 -120.0 2.5
66607 66610 66612 66614  0.0 0.0
66706 66717 66709 66711 -120.0 2.5
66741 66744 66746 66748  0.0 0.0
66840 66851 66843 66845 -120.0 2.5
66875 66878 66880 66882  0.0 0.0
66974 66985 66977 66979 -120.0 2.5
67009 67012 67014 67016  0.0 0.0
67108 67119 67111 67113 -120.0 2.5
67143 67146 67148 67150  0.0 0.0
67242 67253 67245 67247 -120.0 2.5
67277 67280 67282 67284  0.0 0.0
67376 67387 67379 67381 -120.0 2.5
67411 67414 67416 67418  0.0 0.0
67510 67521 67513 67515 -120.0 2.5
67545 67548 67550 67552  0.0 0.0
67644 67655 67647 67649 -120.0 2.5
67679 67682 67684 67686  0.0 0.0
67778 67789 67781 67783 -120.0 2.5
67813 67816 67818 67820  0.0 0.0
67912 67923 67915 67917 -120.0 2.5
67947 67950 67952 67954  0.0 0.0
68046 68057 68049 68051 -120.0 2.5
68081 68084 68086 68088  0.0 0.0
68180 68191 68183 68185 -120.0 2.5
68215 68218 68220 68222  0.0 0.0
68314 68325 68317 68319 -120.0 2.5
68349 68352 68354 68356  0.0 0.0
68448 68459 68451 68453 -120.0 2.5
68483 68486 68488 68490  0.0 0.0
68582 68593 68585 68587 -120.0 2.5
68617 68620 68622 68624  0.0 0.0
68716 68727 68719 68721 -120.0 2.5
68751 68754 68756 68758  0.0 0.0
68850 68861 68853 68855 -120.0 2.5
68885 68888 68890 68892  0.0 0.0
68984 68995 68987 68989 -120.0 2.5
69019 69022 69024 69026  0.0 0.0
69118 69129 69121 69123 -120.0 2.5
69153 69156 69158 69160  0.0 0.0
69252 69263 69255 69257 -120.0 2.5
69287 69290 69292 69294  0.0 0.0
69386 69397 69389 69391 -120.0 2.5
69421 69424 69426 69428  0.0 0.0
69520 69531 69523 69525 -120.0 2.5
69555 69558 69560 69562  0.0 0.0
69654 69665 69657 69659 -120.0 2.5
69689 69692 69694 69696  0.0 0.0
69788 69799 69791 69793 -120.0 2.5
69823 69826 69828 69830  0.0 0.0
69922 69933 69925 69927 -120.0 2.5
69957 69960 69962 69964  0.0 0.0
70056 70067 70059 70061 -120.0 2.5
70091 70094 70096 70098  0.0 0.0
70190 70201 70193 70195 -120.0 2.5
70225 70228 70230 70232  0.0 0.0
70324 70335 70327 70329 -120.0 2.5
70359 70362 70364 70366  0.0 0.0
70458 70469 70461 70463 -120.0 2.5
70493 70496 70498 70500  0.0 0.0
70592 70603 70595 70597 -120.0 2.5
70627 70630 70632 70634  0.0 0.0
70726 70737 70729 70731 -120.0 2.5
70761 70764 70766 70768  0.0 0.0
70860 70871 70863 70865 -120.0 2.5
70895 70898 70900 70902  0.0 0.0
70994 71005 70997 70999 -120.0 2.5
71029 71032 71034 71036  0.0 0.0
71128 71139 71131 71133 -120.0 2.5
71163 71166 71168 71170  0.0 0.0
71262 71273 71265 71267 -120.0 2.5
71297 71300 71302 71304  0.0 0.0
71396 71407 71399 71401 -120.0 2.5
71431 71434 71436 71438  0.0 0.0
71530 71541 71533 71535 -120.0 2.5
71565 71568 71570 71572  0.0 0.0
71664 71675 71667 71669 -120.0 2.5
71699 71702 71704 71706  0.0 0.0
71798 71809 71801 71803 -120.0 2.5
71833 71836 71838 71840  0.0 0.0
71932 71943 71935 71937 -120.0 2.5
71967 71970 71972 71974  0.0 0.0
72066 72077 72069 72071 -120.0 2.5
72101 72104 72106 72108  0.0 0.0
72200 72211 72203 72205 -120.0 2.5
72235 72238 72240 72242  0.0 0.0
72334 72345 72337 72339 -120.0 2.5
72369 72372 72374 72376  0.0 0.0
72468 72479 72471 72473 -120.0 2.5
72503 72506 72508 72510  0.0 0.0
72602 72613 72605 72607 -120.0 2.5
72637 72640 72642 72644  0.0 0.0
72736 72747 72739 72741 -120.0 2.5
72771 72774 72776 72778  0.0 0.0
72870 72881 72873 72875 -120.0 2.5
72905 72908 72910 72912  0.0 0.0
73004 73015 73007 73009 -120.0 2.5
73039 73042 73044 73046  0.0 0.0
73138 73149 73141 73143 -120.0 2.5
73173 73176 73178 73180  0.0 0.0
73272 73283 73275 73277 -120.0 2.5
73307 73310 73312 73314  0.0 0.0
73406 73417 73409 73411 -120.0 2.5
73441 73444 73446 73448  0.0 0.0
73540 73551 73543 73545 -120.0 2.5
73575 73578 73580 73582  0.0 0.0
73674 73685 73677 73679 -120.0 2.5
73709 73712 73714 73716  0.0 0.0
73808 73819 73811 73813 -120.0 2.5
73843 73846 73848 73850  0.0 0.0
73942 73953 73945 73947 -120.0 2.5
73977 73980 73982 73984  0.0 0.0
74076 74087 74079 74081 -120.0 2.5
74111 74114 74116 74118  0.0 0.0
74210 74221 74213 74215 -120.0 2.5
74245 74248 74250 74252  0.0 0.0
74344 74355 74347 74349 -120.0 2.5
74379 74382 74384 74386  0.0 0.0
74478 74489 74481 74483 -120.0 2.5
74513 74516 74518 74520  0.0 0.0
74612 74623 74615 74617 -120.0 2.5
74647 74650 74652 74654  0.0 0.0
74746 74757 74749 74751 -120.0 2.5
74781 74784 74786 74788  0.0 0.0
74880 74891 74883 74885 -120.0 2.5
74915 74918 74920 74922  0.0 0.0
75014 75025 75017 75019 -120.0 2.5
75049 75052 75054 75056  0.0 0.0
75148 75159 75151 75153 -120.0 2.5
75183 75186 75188 75190  0.0 0.0
75282 75293 75285 75287 -120.0 2.5
75317 75320 75322 75324  0.0 0.0
75416 75427 75419 75421 -120.0 2.5
75451 75454 75456 75458  0.0 0.0
75550 75561 75553 75555 -120.0 2.5
75585 75588 75590 75592  0.0 0.0
75684 75695 75687 75689 -120.0 2.5
75719 75722 75724 75726  0.0 0.0
75818 75829 75821 75823 -120.0 2.5
75853 75856 75858 75860  0.0 0.0
75952 75963 75955 75957 -120.0 2.5
75987 75990 75992 75994  0.0 0.0
76086 76097 76089 76091 -120.0 2.5
76121 76124 76126 76128  0.0 0.0
76220 76231 76223 76225 -120.0 2.5
76255 76258 76260 76262  0.0 0.0
76354 76365 76357 76359 -120.0 2.5
76389 76392 76394 76396  0.0 0.0
76488 76499 76491 76493 -120.0 2.5
76523 76526 76528 76530  0.0 0.0
76622 76633 76625 76627 -120.0 2.5
76657 76660 76662 76664  0.0 0.0
76756 76767 76759 76761 -120.0 2.5
76791 76794 76796 76798  0.0 0.0
76890 76901 76893 76895 -120.0 2.5
76925 76928 76930 76932  0.0 0.0
77024 77035 77027 77029 -120.0 2.5
77059 77062 77064 77066  0.0 0.0
77158 77169 77161 77163 -120.0 2.5
77193 77196 77198 77200  0.0 0.0
77292 77303 77295 77297 -120.0 2.5
77327 77330 77332 77334  0.0 0.0
77426 77437 77429 77431 -120.0 2.5
77461 77464 77466 77468  0.0 0.0
77560 77571 77563 77565 -120.0 2.5
77595 77598 77600 77602  0.0 0.0
77694 77705 77697 77699 -120.0 2.5
77729 77732 77734 77736  0.0 0.0
77828 77839 77831 77833 -120.0 2.5
77863 77866 77868 77870  0.0 0.0
77962 77973 77965 77967 -120.0 2.5
77997 78000 78002 78004  0.0 0.0
78096 78107 78099 78101 -120.0 2.5
78131 78134 78136 78138  0.0 0.0
78230 78241 78233 78235 -120.0 2.5
78265 78268 78270 78272  0.0 0.0
78364 78375 78367 78369 -120.0 2.5
78399 78402 78404 78406  0.0 0.0
78498 78509 78501 78503 -120.0 2.5
78533 78536 78538 78540  0.0 0.0
78632 78643 78635 78637 -120.0 2.5
78667 78670 78672 78674  0.0 0.0
78766 78777 78769 78771 -120.0 2.5
78801 78804 78806 78808  0.0 0.0
78900 78911 78903 78905 -120.0 2.5
78935 78938 78940 78942  0.0 0.0
79034 79045 79037 79039 -120.0 2.5
79069 79072 79074 79076  0.0 0.0
79168 79179 79171 79173 -120.0 2.5
79203 79206 79208 79210  0.0 0.0
79302 79313 79305 79307 -120.0 2.5
79337 79340 79342 79344  0.0 0.0
79436 79447 79439 79441 -120.0 2.5
79471 79474 79476 79478  0.0 0.0
79570 79581 79573 79575 -120.0 2.5
79605 79608 79610 79612  0.0 0.0
79704 79715 79707 79709 -120.0 2.5
79739 79742 79744 79746  0.0 0.0
79838 79849 79841 79843 -120.0 2.5
79873 79876 79878 79880  0.0 0.0
79972 79983 79975 79977 -120.0 2.5
80007 80010 80012 80014  0.0 0.0
80106 80117 80109 80111 -120.0 2.5
80141 80144 80146 80148  0.0 0.0
80240 80251 80243 80245 -120.0 2.5
80275 80278 80280 80282  0.0 0.0
80374 80385 80377 80379 -120.0 2.5
80409 80412 80414 80416  0.0 0.0
80508 80519 80511 80513 -120.0 2.5
80543 80546 80548 80550  0.0 0.0
80642 80653 80645 80647 -120.0 2.5
80677 80680 80682 80684  0.0 0.0
80776 80787 80779 80781 -120.0 2.5
80811 80814 80816 80818  0.0 0.0
80910 80921 80913 80915 -120.0 2.5
80945 80948 80950 80952  0.0 0.0
81044 81055 81047 81049 -120.0 2.5
81079 81082 81084 81086  0.0 0.0
81178 81189 81181 81183 -120.0 2.5
81213 81216 81218 81220  0.0 0.0
81312 81323 81315 81317 -120.0 2.5
81347 81350 81352 81354  0.0 0.0
81446 81457 81449 81451 -120.0 2.5
81481 81484 81486 81488  0.0 0.0
81580 81591 81583 81585 -120.0 2.5
81615 81618 81620 81622  0.0 0.0
81714 81725 81717 81719 -120.0 2.5
81749 81752 81754 81756  0.0 0.0
81848 81859 81851 81853 -120.0 2.5
81883 81886 81888 81890  0.0 0.0
81982 81993 81985 81987 -120.0 2.5
82017 82020 82022 82024  0.0 0.0
82116 82127 82119 82121 -120.0 2.5
82151 82154 82156 82158  0.0 0.0
82250 82261 82253 82255 -120.0 2.5
82285 82288 82290 82292  0.0 0.0
82384 82395 82387 82389 -120.0 2.5
82419 82422 82424 82426  0.0 0.0
82518 82529 82521 82523 -120.0 2.5
82553 82556 82558 82560  0.0 0.0
82652 82663 82655 82657 -120.0 2.5
82687 82690 82692 82694  0.0 0.0
82786 82797 82789 82791 -120.0 2.5
82821 82824 82826 82828  0.0 0.0
82920 82931 82923 82925 -120.0 2.5
82955 82958 82960 82962  0.0 0.0
83054 83065 83057 83059 -120.0 2.5
83089 83092 83094 83096  0.0 0.0
83188 83199 83191 83193 -120.0 2.5
83223 83226 83228 83230  0.0 0.0
83322 83333 83325 83327 -120.0 2.5
83357 83360 83362 83364  0.0 0.0
83456 83467 83459 83461 -120.0 2.5
83491 83494 83496 83498  0.0 0.0
83590 83601 83593 83595 -120.0 2.5
83625 83628 83630 83632  0.0 0.0
83724 83735 83727 83729 -120.0 2.5
83759 83762 83764 83766  0.0 0.0
83858 83869 83861 83863 -120.0 2.5
83893 83896 83898 83900  0.0 0.0
83992 84003 83995 83997 -120.0 2.5
84027 84030 84032 84034  0.0 0.0
84126 84137 84129 84131 -120.0 2.5
84161 84164 84166 84168  0.0 0.0
84260 84271 84263 84265 -120.0 2.5
84295 84298 84300 84302  0.0 0.0
84394 84405 84397 84399 -120.0 2.5
84429 84432 84434 84436  0.0 0.0
84528 84539 84531 84533 -120.0 2.5
84563 84566 84568 84570  0.0 0.0
84662 84673 84665 84667 -120.0 2.5
84697 84700 84702 84704  0.0 0.0
84796 84807 84799 84801 -120.0 2.5
84831 84834 84836 84838  0.0 0.0
84930 84941 84933 84935 -120.0 2.5
84965 84968 84970 84972  0.0 0.0
85064 85075 85067 85069 -120.0 2.5
85099 85102 85104 85106  0.0 0.0
85198 85209 85201 85203 -120.0 2.5
85233 85236 85238 85240  0.0 0.0
85332 85343 85335 85337 -120.0 2.5
85367 85370 85372 85374  0.0 0.0
85466 85477 85469 85471 -120.0 2.5
85501 85504 85506 85508  0.0 0.0
85600 85611 85603 85605 -120.0 2.5
85635 85638 85640 85642  0.0 0.0
85734 85745 85737 85739 -120.0 2.5
85769 85772 85774 85776  0.0 0.0
85868 85879 85871 85873 -120.0 2.5
85903 85906 85908 85910  0.0 0.0
86002 86013 86005 86007 -120.0 2.5
86037 86040 86042 86044  0.0 0.0
86136 86147 86139 86141 -120.0 2.5
86171 86174 86176 86178  0.0 0.0
86270 86281 86273 86275 -120.0 2.5
86305 86308 86310 86312  0.0 0.0
86404 86415 86407 86409 -120.0 2.5
86439 86442 86444 86446  0.0 0.0
86538 86549 86541 86543 -120.0 2.5
86573 86576 86578 86580  0.0 0.0
86672 86683 86675 86677 -120.0 2.5
86707 86710 86712 86714  0.0 0.0
86806 86817 86809 86811 -120.0 2.5
86841 86844 86846 86848  0.0 0.0
86940 86951 86943 86945 -120.0 2.5
86975 86978 86980 86982  0.0 0.0
87074 87085 87077 87079 -120.0 2.5
87109 87112 87114 87116  0.0 0.0
87208 87219 87211 87213 -120.0 2.5
87243 87246 87248 87250  0.0 0.0
87342 87353 87345 87347 -120.0 2.5
87377 87380 87382 87384  0.0 0.0
87476 87487 87479 87481 -120.0 2.5
87511 87514 87516 87518  0.0 0.0
87610 87621 87613 87615 -120.0 2.5
87645 87648 87650 87652  0.0 0.0
87744 87755 87747 87749 -120.0 2.5
87779 87782 87784 87786  0.0 0.0
87878 87889 87881 87883 -120.0 2.5
87913 87916 87918 87920  0.0 0.0
88012 88023 88015 88017 -120.0 2.5
88047 88050 88052 88054  0.0 0.0
88146 88157 88149 88151 -120.0 2.5
88181 88184 88186 88188  0.0 0.0
88280 88291 88283 88285 -120.0 2.5
88315 88318 88320 88322  0.0 0.0
88414 88425 88417 88419 -120.0 2.5
88449 88452 88454 88456  0.0 0.0
88548 88559 88551 88553 -120.0 2.5
88583 88586 88588 88590  0.0 0.0
88682 88693 88685 88687 -120.0 2.5
88717 88720 88722 88724  0.0 0.0
88816 88827 88819 88821 -120.0 2.5
88851 88854 88856 88858  0.0 0.0
88950 88961 88953 88955 -120.0 2.5
88985 88988 88990 88992  0.0 0.0
89084 89095 89087 89089 -120.0 2.5
89119 89122 89124 89126  0.0 0.0
89218 89229 89221 89223 -120.0 2.5
89253 89256 89258 89260  0.0 0.0
89352 89363 89355 89357 -120.0 2.5
89387 89390 89392 89394  0.0 0.0
89486 89497 89489 89491 -120.0 2.5
89521 89524 89526 89528  0.0 0.0
89620 89631 89623 89625 -120.0 2.5
89655 89658 89660 89662  0.0 0.0
89754 89765 89757 89759 -120.0 2.5
89789 89792 89794 89796  0.0 0.0
89888 89899 89891 89893 -120.0 2.5
89923 89926 89928 89930  0.0 0.0
90022 90033 90025 90027 -120.0 2.5
90057 90060 90062 90064  0.0 0.0
90156 90167 90159 90161 -120.0 2.5
90191 90194 90196 90198  0.0 0.0
90290 90301 90293 90295 -120.0 2.5
90325 90328 90330 90332  0.0 0.0
90424 90435 90427 90429 -120.0 2.5
90459 90462 90464 90466  0.0 0.0
90558 90569 90561 90563 -120.0 2.5
90593 90596 90598 90600  0.0 0.0
90692 90703 90695 90697 -120.0 2.5
90727 90730 90732 90734  0.0 0.0
90826 90837 90829 90831 -120.0 2.5
90861 90864 90866 90868  0.0 0.0
90960 90971 90963 90965 -120.0 2.5
90995 90998 91000 91002  0.0 0.0
91094 91105 91097 91099 -120.0 2.5
91129 91132 91134 91136  0.0 0.0
91228 91239 91231 91233 -120.0 2.5
91263 91266 91268 91270  0.0 0.0
91362 91373 91365 91367 -120.0 2.5
91397 91400 91402 91404  0.0 0.0
91496 91507 91499 91501 -120.0 2.5
91531 91534 91536 91538  0.0 0.0
91630 91641 91633 91635 -120.0 2.5
91665 91668 91670 91672  0.0 0.0
91764 91775 91767 91769 -120.0 2.5
91799 91802 91804 91806  0.0 0.0
91898 91909 91901 91903 -120.0 2.5
91933 91936 91938 91940  0.0 0.0
92032 92043 92035 92037 -120.0 2.5
92067 92070 92072 92074  0.0 0.0
92166 92177 92169 92171 -120.0 2.5
92201 92204 92206 92208  0.0 0.0
92300 92311 92303 92305 -120.0 2.5
92335 92338 92340 92342  0.0 0.0
92434 92445 92437 92439 -120.0 2.5
92469 92472 92474 92476  0.0 0.0
92568 92579 92571 92573 -120.0 2.5
92603 92606 92608 92610  0.0 0.0
92702 92713 92705 92707 -120.0 2.5
92737 92740 92742 92744  0.0 0.0
92836 92847 92839 92841 -120.0 2.5
92871 92874 92876 92878  0.0 0.0
92970 92981 92973 92975 -120.0 2.5
93005 93008 93010 93012  0.0 0.0
93104 93115 93107 93109 -120.0 2.5
93139 93142 93144 93146  0.0 0.0
93238 93249 93241 93243 -120.0 2.5
93273 93276 93278 93280  0.0 0.0
93372 93383 93375 93377 -120.0 2.5
93407 93410 93412 93414  0.0 0.0
93506 93517 93509 93511 -120.0 2.5
93541 93544 93546 93548  0.0 0.0
93640 93651 93643 93645 -120.0 2.5
93675 93678 93680 93682  0.0 0.0
93774 93785 93777 93779 -120.0 2.5
93809 93812 93814 93816  0.0 0.0
93908 93919 93911 93913 -120.0 2.5
93943 93946 93948 93950  0.0 0.0
94042 94053 94045 94047 -120.0 2.5
94077 94080 94082 94084  0.0 0.0
94176 94187 94179 94181 -120.0 2.5
94211 94214 94216 94218  0.0 0.0
94310 94321 94313 94315 -120.0 2.5
94345 94348 94350 94352  0.0 0.0
94444 94455 94447 94449 -120.0 2.5
94479 94482 94484 94486  0.0 0.0
94578 94589 94581 94583 -120.0 2.5
94613 94616 94618 94620  0.0 0.0
94712 94723 94715 94717 -120.0 2.5
94747 94750 94752 94754  0.0 0.0
94846 94857 94849 94851 -120.0 2.5
94881 94884 94886 94888  0.0 0.0
94980 94991 94983 94985 -120.0 2.5
95015 95018 95020 95022  0.0 0.0
95114 95125 95117 95119 -120.0 2.5
95149 95152 95154 95156  0.0 0.0
95248 95259 95251 95253 -120.0 2.5
95283 95286 95288 95290  0.0 0.0
95382 95393 95385 95387 -120.0 2.5
95417 95420 95422 95424  0.0 0.0
95516 95527 95519 95521 -120.0 2.5
95551 95554 95556 95558  0.0 0.0
95650 95661 95653 95655 -120.0 2.5
95685 95688 95690 95692  0.0 0.0
95784 95795 95787 95789 -120.0 2.5
95819 95822 95824 95826  0.0 0.0
95918 95929 95921 95923 -120.0 2.5
95953 95956 95958 95960  0.0 0.0
96052 96063 96055 96057 -120.0 2.5
96087 96090 96092 96094  0.0 0.0
96186 96197 96189 96191 -120.0 2.5
96221 96224 96226 96228  0.0 0.0
96320 96331 96323 96325 -120.0 2.5
96355 96358 96360 96362  0.0 0.0
96454 96465 96457 96459 -120.0 2.5
96489 96492 96494 96496  0.0 0.0
96588 96599 96591 96593 -120.0 2.5
96623 96626 96628 96630  0.0 0.0
96722 96733 96725 96727 -120.0 2.5
96757 96760 96762 96764  0.0 0.0
96856 96867 96859 96861 -120.0 2.5
96891 96894 96896 96898  0.0 0.0
96990 97001 96993 96995 -120.0 2.5
97025 97028 97030 97032  0.0 0.0
97124 97135 97127 97129 -120.0 2.5
97159 97162 97164 97166  0.0 0.0
97258 97269 97261 97263 -120.0 2.5
97293 97296 97298 97300  0.0 0.0
97392 97403 97395 97397 -120.0 2.5
97427 97430 97432 97434  0.0 0.0
97526 97537 97529 97531 -120.0 2.5
97561 97564 97566 97568  0.0 0.0
97660 97671 97663 97665 -120.0 2.5
97695 97698 97700 97702  0.0 0.0
97794 97805 97797 97799 -120.0 2.5
97829 97832 97834 97836  0.0 0.0
97928 97939 97931 97933 -120.0 2.5
97963 97966 97968 97970  0.0 0.0
98062 98073 98065 98067 -120.0 2.5
98097 98100 98102 98104  0.0 0.0
98196 98207 98199 98201 -120.0 2.5
98231 98234 98236 98238  0.0 0.0
98330 98341 98333 98335 -120.0 2.5
98365 98368 98370 98372  0.0 0.0
98464 98475 98467 98469 -120.0 2.5
98499 98502 98504 98506  0.0 0.0
98598 98609 98601 98603 -120.0 2.5
98633 98636 98638 98640  0.0 0.0
98732 98743 98735 98737 -120.0 2.5
98767 98770 98772 98774  0.0 0.0
98866 98877 98869 98871 -120.0 2.5
98901 98904 98906 98908  0.0 0.0
99000 99011 99003 99005 -120.0 2.5
99035 99038 99040 99042  0.0 0.0
99134 99145 99137 99139 -120.0 2.5
99169 99172 99174 99176  0.0 0.0
99268 99279 99271 99273 -120.0 2.5
99303 99306 99308 99310  0.0 0.0
99402 99413 99405 99407 -120.0 2.5
99437 99440 99442 99444  0.0 0.0
99536 99547 99539 99541 -120.0 2.5
99571 99574 99576 99578  0.0 0.0
99670 99681 99673 99675 -120.0 2.5
99705 99708 99710 99712  0.0 0.0
99804 99815 99807 99809 -120.0 2.5
99839 99842 99844 99846  0.0 0.0
99938 99949 99941 99943 -120.0 2.5
99973 99976 99978 99980  0.0 0.0
100072 100083 100075 100077 -120.0 2.5
100107 100110 100112 100114  0.0 0.0
100206 100217 100209 100211 -120.0 2.5
100241 100244 100246 100248  0.0 0.0
100340 100351 100343 100345 -120.0 2.5
100375 100378 100380 100382  0.0 0.0
100474 100485 100477 100479 -120.0 2.5
100509 100512 100514 100516  0.0 0.0
100608 100619 100611 100613 -120.0 2.5
100643 100646 100648 100650  0.0 0.0
100742 100753 100745 100747 -120.0 2.5
100777 100780 100782 100784  0.0 0.0
100876 100887 100879 100881 -120.0 2.5
100911 100914 100916 100918  0.0 0.0
101010 101021 101013 101015 -120.0 2.5
101045 101048 101050 101052  0.0 0.0
101144 101155 101147 101149 -120.0 2.5
101179 101182 101184 101186  0.0 0.0
101278 101289 101281 101283 -120.0 2.5
101313 101316 101318 101320  0.0 0.0
101412 101423 101415 101417 -120.0 2.5
101447 101450 101452 101454  0.0 0.0
101546 101557 101549 101551 -120.0 2.5
101581 101584 101586 101588  0.0 0.0
101680 101691 101683 101685 -120.0 2.5
101715 101718 101720 101722  0.0 0.0
101814 101825 101817 101819 -120.0 2.5
101849 101852 101854 101856  0.0 0.0
101948 101959 101951 101953 -120.0 2.5
101983 101986 101988 101990  0.0 0.0
102082 102093 102085 102087 -120.0 2.5
102117 102120 102122 102124  0.0 0.0
102216 102227 102219 102221 -120.0 2.5
102251 102254 102256 102258  0.0 0.0
102350 102361 102353 102355 -120.0 2.5
102385 102388 102390 102392  0.0 0.0
102484 102495 102487 102489 -120.0 2.5
102519 102522 102524 102526  0.0 0.0
102618 102629 102621 102623 -120.0 2.5
102653 102656 102658 102660  0.0 0.0
102752 102763 102755 102757 -120.0 2.5
102787 102790 102792 102794  0.0 0.0
102886 102897 102889 102891 -120.0 2.5
102921 102924 102926 102928  0.0 0.0
103020 103031 103023 103025 -120.0 2.5
103055 103058 103060 103062  0.0 0.0
103154 103165 103157 103159 -120.0 2.5
103189 103192 103194 103196  0.0 0.0
103288 103299 103291 103293 -120.0 2.5
103323 103326 103328 103330  0.0 0.0
103422 103433 103425 103427 -120.0 2.5
103457 103460 103462 103464  0.0 0.0
103556 103567 103559 103561 -120.0 2.5
103591 103594 103596 103598  0.0 0.0
103690 103701 103693 103695 -120.0 2.5
103725 103728 103730 103732  0.0 0.0
103824 103835 103827 103829 -120.0 2.5
103859 103862 103864 103866  0.0 0.0
103958 103969 103961 103963 -120.0 2.5
103993 103996 103998 104000  0.0 0.0
104092 104103 104095 104097 -120.0 2.5
104127 104130 104132 104134  0.0 0.0
104226 104237 104229 104231 -120.0 2.5
104261 104264 104266 104268  0.0 0.0
104360 104371 104363 104365 -120.0 2.5
104395 104398 104400 104402  0.0 0.0
104494 104505 104497 104499 -120.0 2.5
104529 104532 104534 104536  0.0 0.0
104628 104639 104631 104633 -120.0 2.5
104663 104666 104668 104670  0.0 0.0
104762 104773 104765 104767 -120.0 2.5
104797 104800 104802 104804  0.0 0.0
104896 104907 104899 104901 -120.0 2.5
104931 104934 104936 104938  0.0 0.0
105030 105041 105033 105035 -120.0 2.5
105065 105068 105070 105072  0.0 0.0
105164 105175 105167 105169 -120.0 2.5
105199 105202 105204 105206  0.0 0.0
105298 105309 105301 105303 -120.0 2.5
105333 105336 105338 105340  0.0 0.0
105432 105443 105435 105437 -120.0 2.5
105467 105470 105472 105474  0.0 0.0
105566 105577 105569 105571 -120.0 2.5
105601 105604 105606 105608  0.0 0.0
105700 105711 105703 105705 -120.0 2.5
105735 105738 105740 105742  0.0 0.0
105834 105845 105837 105839 -120.0 2.5
105869 105872 105874 105876  0.0 0.0
105968 105979 105971 105973 -120.0 2.5
106003 106006 106008 106010  0.0 0.0
106102 106113 106105 106107 -120.0 2.5
106137 106140 106142 106144  0.0 0.0
106236 106247 106239 106241 -120.0 2.5
106271 106274 106276 106278  0.0 0.0
106370 106381 106373 106375 -120.0 2.5
106405 106408 106410 106412  0.0 0.0
106504 106515 106507 106509 -120.0 2.5
106539 106542 106544 106546  0.0 0.0
106638 106649 106641 106643 -120.0 2.5
106673 106676 106678 106680  0.0 0.0
106772 106783 106775 106777 -120.0 2.5
106807 106810 106812 106814  0.0 0.0
106906 106917 106909 106911 -120.0 2.5
106941 106944 106946 106948  0.0 0.0
107040 107051 107043 107045 -120.0 2.5
107075 107078 107080 107082  0.0 0.0
107174 107185 107177 107179 -120.0 2.5
107209 107212 107214 107216  0.0 0.0
107308 107319 107311 107313 -120.0 2.5
107343 107346 107348 107350  0.0 0.0
107442 107453 107445 107447 -120.0 2.5
107477 107480 107482 107484  0.0 0.0
107576 107587 107579 107581 -120.0 2.5
107611 107614 107616 107618  0.0 0.0
107710 107721 107713 107715 -120.0 2.5
107745 107748 107750 107752  0.0 0.0
107844 107855 107847 107849 -120.0 2.5
107879 107882 107884 107886  0.0 0.0
107978 107989 107981 107983 -120.0 2.5
108013 108016 108018 108020  0.0 0.0
108112 108123 108115 108117 -120.0 2.5
108147 108150 108152 108154  0.0 0.0
108246 108257 108249 108251 -120.0 2.5
108281 108284 108286 108288  0.0 0.0
108380 108391 108383 108385 -120.0 2.5
108415 108418 108420 108422  0.0 0.0
108514 108525 108517 108519 -120.0 2.5
108549 108552 108554 108556  0.0 0.0
108648 108659 108651 108653 -120.0 2.5
108683 108686 108688 108690  0.0 0.0
108782 108793 108785 108787 -120.0 2.5
108817 108820 108822 108824  0.0 0.0
108916 108927 108919 108921 -120.0 2.5
108951 108954 108956 108958  0.0 0.0
109050 109061 109053 109055 -120.0 2.5
109085 109088 109090 109092  0.0 0.0
109184 109195 109187 109189 -120.0 2.5
109219 109222 109224 109226  0.0 0.0
109318 109329 109321 109323 -120.0 2.5
109353 109356 109358 109360  0.0 0.0
109452 109463 109455 109457 -120.0 2.5
109487 109490 109492 109494  0.0 0.0
109586 109597 109589 109591 -120.0 2.5
109621 109624 109626 109628  0.0 0.0
109720 109731 109723 109725 -120.0 2.5
109755 109758 109760 109762  0.0 0.0
109854 109865 109857 109859 -120.0 2.5
109889 109892 109894 109896  0.0 0.0
109988 109999 109991 109993 -120.0 2.5
110023 110026 110028 110030  0.0 0.0
110122 110133 110125 110127 -120.0 2.5
110157 110160 110162 110164  0.0 0.0
110256 110267 110259 110261 -120.0 2.5
110291 110294 110296 110298  0.0 0.0
110390 110401 110393 110395 -120.0 2.5
110425 110428 110430 110432  0.0 0.0
110524 110535 110527 110529 -120.0 2.5
110559 110562 110564 110566  0.0 0.0
110658 110669 110661 110663 -120.0 2.5
110693 110696 110698 110700  0.0 0.0
110792 110803 110795 110797 -120.0 2.5
110827 110830 110832 110834  0.0 0.0
110926 110937 110929 110931 -120.0 2.5
110961 110964 110966 110968  0.0 0.0
111060 111071 111063 111065 -120.0 2.5
111095 111098 111100 111102  0.0 0.0
111194 111205 111197 111199 -120.0 2.5
111229 111232 111234 111236  0.0 0.0
111328 111339 111331 111333 -120.0 2.5
111363 111366 111368 111370  0.0 0.0
111462 111473 111465 111467 -120.0 2.5
111497 111500 111502 111504  0.0 0.0
111596 111607 111599 111601 -120.0 2.5
111631 111634 111636 111638  0.0 0.0
111730 111741 111733 111735 -120.0 2.5
111765 111768 111770 111772  0.0 0.0
111864 111875 111867 111869 -120.0 2.5
111899 111902 111904 111906  0.0 0.0
111998 112009 112001 112003 -120.0 2.5
112033 112036 112038 112040  0.0 0.0
112132 112143 112135 112137 -120.0 2.5
112167 112170 112172 112174  0.0 0.0
112266 112277 112269 112271 -120.0 2.5
112301 112304 112306 112308  0.0 0.0
112400 112411 112403 112405 -120.0 2.5
112435 112438 112440 112442  0.0 0.0
112534 112545 112537 112539 -120.0 2.5
112569 112572 112574 112576  0.0 0.0
112668 112679 112671 112673 -120.0 2.5
112703 112706 112708 112710  0.0 0.0
112802 112813 112805 112807 -120.0 2.5
112837 112840 112842 112844  0.0 0.0
112936 112947 112939 112941 -120.0 2.5
112971 112974 112976 112978  0.0 0.0
113070 113081 113073 113075 -120.0 2.5
113105 113108 113110 113112  0.0 0.0
113204 113215 113207 113209 -120.0 2.5
113239 113242 113244 113246  0.0 0.0
113338 113349 113341 113343 -120.0 2.5
113373 113376 113378 113380  0.0 0.0
113472 113483 113475 113477 -120.0 2.5
113507 113510 113512 113514  0.0 0.0
113606 113617 113609 113611 -120.0 2.5
113641 113644 113646 113648  0.0 0.0
113740 113751 113743 113745 -120.0 2.5
113775 113778 113780 113782  0.0 0.0
113874 113885 113877 113879 -120.0 2.5
113909 113912 113914 113916  0.0 0.0
114008 114019 114011 114013 -120.0 2.5
114043 114046 114048 114050  0.0 0.0
114142 114153 114145 114147 -120.0 2.5
114177 114180 114182 114184  0.0 0.0
114276 114287 114279 114281 -120.0 2.5
114311 114314 114316 114318  0.0 0.0
114410 114421 114413 114415 -120.0 2.5
114445 114448 114450 114452  0.0 0.0
114544 114555 114547 114549 -120.0 2.5
114579 114582 114584 114586  0.0 0.0
114678 114689 114681 114683 -120.0 2.5
114713 114716 114718 114720  0.0 0.0
114812 114823 114815 114817 -120.0 2.5
114847 114850 114852 114854  0.0 0.0
114946 114957 114949 114951 -120.0 2.5
114981 114984 114986 114988  0.0 0.0
115080 115091 115083 115085 -120.0 2.5
115115 115118 115120 115122  0.0 0.0
115214 115225 115217 115219 -120.0 2.5
115249 115252 115254 115256  0.0 0.0
115348 115359 115351 115353 -120.0 2.5
115383 115386 115388 115390  0.0 0.0
115482 115493 115485 115487 -120.0 2.5
115517 115520 115522 115524  0.0 0.0
115616 115627 115619 115621 -120.0 2.5
115651 115654 115656 115658  0.0 0.0
115750 115761 115753 115755 -120.0 2.5
115785 115788 115790 115792  0.0 0.0
115884 115895 115887 115889 -120.0 2.5
115919 115922 115924 115926  0.0 0.0
116018 116029 116021 116023 -120.0 2.5
116053 116056 116058 116060  0.0 0.0
116152 116163 116155 116157 -120.0 2.5
116187 116190 116192 116194  0.0 0.0
116286 116297 116289 116291 -120.0 2.5
116321 116324 116326 116328  0.0 0.0
116420 116431 116423 116425 -120.0 2.5
116455 116458 116460 116462  0.0 0.0
116554 116565 116557 116559 -120.0 2.5
116589 116592 116594 116596  0.0 0.0
116688 116699 116691 116693 -120.0 2.5
116723 116726 116728 116730  0.0 0.0
116822 116833 116825 116827 -120.0 2.5
116857 116860 116862 116864  0.0 0.0
116956 116967 116959 116961 -120.0 2.5
116991 116994 116996 116998  0.0 0.0
117090 117101 117093 117095 -120.0 2.5
117125 117128 117130 117132  0.0 0.0
117224 117235 117227 117229 -120.0 2.5
117259 117262 117264 117266  0.0 0.0
117358 117369 117361 117363 -120.0 2.5
117393 117396 117398 117400  0.0 0.0
117492 117503 117495 117497 -120.0 2.5
117527 117530 117532 117534  0.0 0.0
117626 117637 117629 117631 -120.0 2.5
117661 117664 117666 117668  0.0 0.0
117760 117771 117763 117765 -120.0 2.5
117795 117798 117800 117802  0.0 0.0
117894 117905 117897 117899 -120.0 2.5
117929 117932 117934 117936  0.0 0.0
118028 118039 118031 118033 -120.0 2.5
118063 118066 118068 118070  0.0 0.0
118162 118173 118165 118167 -120.0 2.5
118197 118200 118202 118204  0.0 0.0
118296 118307 118299 118301 -120.0 2.5
118331 118334 118336 118338  0.0 0.0
118430 118441 118433 118435 -120.0 2.5
118465 118468 118470 118472  0.0 0.0
118564 118575 118567 118569 -120.0 2.5
118599 118602 118604 118606  0.0 0.0
118698 118709 118701 118703 -120.0 2.5
118733 118736 118738 118740  0.0 0.0
118832 118843 118835 118837 -120.0 2.5
118867 118870 118872 118874  0.0 0.0
118966 118977 118969 118971 -120.0 2.5
119001 119004 119006 119008  0.0 0.0
119100 119111 119103 119105 -120.0 2.5
119135 119138 119140 119142  0.0 0.0
119234 119245 119237 119239 -120.0 2.5
119269 119272 119274 119276  0.0 0.0
119368 119379 119371 119373 -120.0 2.5
119403 119406 119408 119410  0.0 0.0
119502 119513 119505 119507 -120.0 2.5
119537 119540 119542 119544  0.0 0.0
119636 119647 119639 119641 -120.0 2.5
119671 119674 119676 119678  0.0 0.0
119770 119781 119773 119775 -120.0 2.5
119805 119808 119810 119812  0.0 0.0
119904 119915 119907 119909 -120.0 2.5
119939 119942 119944 119946  0.0 0.0
120038 120049 120041 120043 -120.0 2.5
120073 120076 120078 120080  0.0 0.0
120172 120183 120175 120177 -120.0 2.5
120207 120210 120212 120214  0.0 0.0
120306 120317 120309 120311 -120.0 2.5
120341 120344 120346 120348  0.0 0.0
120440 120451 120443 120445 -120.0 2.5
120475 120478 120480 120482  0.0 0.0
120574 120585 120577 120579 -120.0 2.5
120609 120612 120614 120616  0.0 0.0
120708 120719 120711 120713 -120.0 2.5
120743 120746 120748 120750  0.0 0.0
120842 120853 120845 120847 -120.0 2.5
120877 120880 120882 120884  0.0 0.0
120976 120987 120979 120981 -120.0 2.5
121011 121014 121016 121018  0.0 0.0
121110 121121 121113 121115 -120.0 2.5
121145 121148 121150 121152  0.0 0.0
121244 121255 121247 121249 -120.0 2.5
121279 121282 121284 121286  0.0 0.0
121378 121389 121381 121383 -120.0 2.5
121413 121416 121418 121420  0.0 0.0
121512 121523 121515 121517 -120.0 2.5
121547 121550 121552 121554  0.0 0.0
121646 121657 121649 121651 -120.0 2.5
121681 121684 121686 121688  0.0 0.0
121780 121791 121783 121785 -120.0 2.5
121815 121818 121820 121822  0.0 0.0
121914 121925 121917 121919 -120.0 2.5
121949 121952 121954 121956  0.0 0.0
122048 122059 122051 122053 -120.0 2.5
122083 122086 122088 122090  0.0 0.0
122182 122193 122185 122187 -120.0 2.5
122217 122220 122222 122224  0.0 0.0
122316 122327 122319 122321 -120.0 2.5
122351 122354 122356 122358  0.0 0.0
122450 122461 122453 122455 -120.0 2.5
122485 122488 122490 122492  0.0 0.0
122584 122595 122587 122589 -120.0 2.5
122619 122622 122624 122626  0.0 0.0
122718 122729 122721 122723 -120.0 2.5
122753 122756 122758 122760  0.0 0.0
122852 122863 122855 122857 -120.0 2.5
122887 122890 122892 122894  0.0 0.0
122986 122997 122989 122991 -120.0 2.5
123021 123024 123026 123028  0.0 0.0
123120 123131 123123 123125 -120.0 2.5
123155 123158 123160 123162  0.0 0.0
123254 123265 123257 123259 -120.0 2.5
123289 123292 123294 123296  0.0 0.0
123388 123399 123391 123393 -120.0 2.5
123423 123426 123428 123430  0.0 0.0
123522 123533 123525 123527 -120.0 2.5
123557 123560 123562 123564  0.0 0.0
123656 123667 123659 123661 -120.0 2.5
123691 123694 123696 123698  0.0 0.0
123790 123801 123793 123795 -120.0 2.5
123825 123828 123830 123832  0.0 0.0
123924 123935 123927 123929 -120.0 2.5
123959 123962 123964 123966  0.0 0.0
124058 124069 124061 124063 -120.0 2.5
124093 124096 124098 124100  0.0 0.0
124192 124203 124195 124197 -120.0 2.5
124227 124230 124232 124234  0.0 0.0
124326 124337 124329 124331 -120.0 2.5
124361 124364 124366 124368  0.0 0.0
124460 124471 124463 124465 -120.0 2.5
124495 124498 124500 124502  0.0 0.0
124594 124605 124597 124599 -120.0 2.5
124629 124632 124634 124636  0.0 0.0
124728 124739 124731 124733 -120.0 2.5
124763 124766 124768 124770  0.0 0.0
124862 124873 124865 124867 -120.0 2.5
124897 124900 124902 124904  0.0 0.0
124996 125007 124999 125001 -120.0 2.5
125031 125034 125036 125038  0.0 0.0
125130 125141 125133 125135 -120.0 2.5
125165 125168 125170 125172  0.0 0.0
125264 125275 125267 125269 -120.0 2.5
125299 125302 125304 125306  0.0 0.0
125398 125409 125401 125403 -120.0 2.5
125433 125436 125438 125440  0.0 0.0
125532 125543 125535 125537 -120.0 2.5
125567 125570 125572 125574  0.0 0.0
125666 125677 125669 125671 -120.0 2.5
125701 125704 125706 125708  0.0 0.0
125800 125811 125803 125805 -120.0 2.5
125835 125838 125840 125842  0.0 0.0
125934 125945 125937 125939 -120.0 2.5
125969 125972 125974 125976  0.0 0.0
126068 126079 126071 126073 -120.0 2.5
126103 126106 126108 126110  0.0 0.0
126202 126213 126205 126207 -120.0 2.5
126237 126240 126242 126244  0.0 0.0
126336 126347 126339 126341 -120.0 2.5
126371 126374 126376 126378  0.0 0.0
126470 126481 126473 126475 -120.0 2.5
126505 126508 126510 126512  0.0 0.0
126604 126615 126607 126609 -120.0 2.5
126639 126642 126644 126646  0.0 0.0
126738 126749 126741 126743 -120.0 2.5
126773 126776 126778 126780  0.0 0.0
126872 126883 126875 126877 -120.0 2.5
126907 126910 126912 126914  0.0 0.0
127006 127017 127009 127011 -120.0 2.5
127041 127044 127046 127048  0.0 0.0
127140 127151 127143 127145 -120.0 2.5
127175 127178 127180 127182  0.0 0.0
127274 127285 127277 127279 -120.0 2.5
127309 127312 127314 127316  0.0 0.0
127408 127419 127411 127413 -120.0 2.5
127443 127446 127448 127450  0.0 0.0
127542 127553 127545 127547 -120.0 2.5
127577 127580 127582 127584  0.0 0.0
127676 127687 127679 127681 -120.0 2.5
127711 127714 127716 127718  0.0 0.0
127810 127821 127813 127815 -120.0 2.5
127845 127848 127850 127852  0.0 0.0
127944 127955 127947 127949 -120.0 2.5
127979 127982 127984 127986  0.0 0.0
128078 128089 128081 128083 -120.0 2.5
128113 128116 128118 128120  0.0 0.0
128212 128223 128215 128217 -120.0 2.5
128247 128250 128252 128254  0.0 0.0
128346 128357 128349 128351 -120.0 2.5
128381 128384 128386 128388  0.0 0.0
128480 128491 128483 128485 -120.0 2.5
128515 128518 128520 128522  0.0 0.0
128614 128625 128617 128619 -120.0 2.5
128649 128652 128654 128656  0.0 0.0
128748 128759 128751 128753 -120.0 2.5
128783 128786 128788 128790  0.0 0.0
128882 128893 128885 128887 -120.0 2.5
128917 128920 128922 128924  0.0 0.0
129016 129027 129019 129021 -120.0 2.5
129051 129054 129056 129058  0.0 0.0
129150 129161 129153 129155 -120.0 2.5
129185 129188 129190 129192  0.0 0.0
129284 129295 129287 129289 -120.0 2.5
129319 129322 129324 129326  0.0 0.0
129418 129429 129421 129423 -120.0 2.5
129453 129456 129458 129460  0.0 0.0
129552 129563 129555 129557 -120.0 2.5
129587 129590 129592 129594  0.0 0.0
129686 129697 129689 129691 -120.0 2.5
129721 129724 129726 129728  0.0 0.0
129820 129831 129823 129825 -120.0 2.5
129855 129858 129860 129862  0.0 0.0
129954 129965 129957 129959 -120.0 2.5
129989 129992 129994 129996  0.0 0.0
130088 130099 130091 130093 -120.0 2.5
130123 130126 130128 130130  0.0 0.0
130222 130233 130225 130227 -120.0 2.5
130257 130260 130262 130264  0.0 0.0
130356 130367 130359 130361 -120.0 2.5
130391 130394 130396 130398  0.0 0.0
130490 130501 130493 130495 -120.0 2.5
130525 130528 130530 130532  0.0 0.0
130624 130635 130627 130629 -120.0 2.5
130659 130662 130664 130666  0.0 0.0
130758 130769 130761 130763 -120.0 2.5
130793 130796 130798 130800  0.0 0.0
130892 130903 130895 130897 -120.0 2.5
130927 130930 130932 130934  0.0 0.0
131026 131037 131029 131031 -120.0 2.5
131061 131064 131066 131068  0.0 0.0
131160 131171 131163 131165 -120.0 2.5
131195 131198 131200 131202  0.0 0.0
131294 131305 131297 131299 -120.0 2.5
131329 131332 131334 131336  0.0 0.0
131428 131439 131431 131433 -120.0 2.5
131463 131466 131468 131470  0.0 0.0
131562 131573 131565 131567 -120.0 2.5
131597 131600 131602 131604  0.0 0.0
131696 131707 131699 131701 -120.0 2.5
131731 131734 131736 131738  0.0 0.0
131830 131841 131833 131835 -120.0 2.5
131865 131868 131870 131872  0.0 0.0
131964 131975 131967 131969 -120.0 2.5
131999 132002 132004 132006  0.0 0.0
132098 132109 132101 132103 -120.0 2.5
132133 132136 132138 132140  0.0 0.0
132232 132243 132235 132237 -120.0 2.5
132267 132270 132272 132274  0.0 0.0
132366 132377 132369 132371 -120.0 2.5
132401 132404 132406 132408  0.0 0.0
132500 132511 132503 132505 -120.0 2.5
132535 132538 132540 132542  0.0 0.0
132634 132645 132637 132639 -120.0 2.5
132669 132672 132674 132676  0.0 0.0
132768 132779 132771 132773 -120.0 2.5
132803 132806 132808 132810  0.0 0.0
132902 132913 132905 132907 -120.0 2.5
132937 132940 132942 132944  0.0 0.0
133036 133047 133039 133041 -120.0 2.5
133071 133074 133076 133078  0.0 0.0
133170 133181 133173 133175 -120.0 2.5
133205 133208 133210 133212  0.0 0.0
133304 133315 133307 133309 -120.0 2.5
133339 133342 133344 133346  0.0 0.0
133438 133449 133441 133443 -120.0 2.5
133473 133476 133478 133480  0.0 0.0
133572 133583 133575 133577 -120.0 2.5
133607 133610 133612 133614  0.0 0.0
133706 133717 133709 133711 -120.0 2.5
133741 133744 133746 133748  0.0 0.0
133840 133851 133843 133845 -120.0 2.5
133875 133878 133880 133882  0.0 0.0
133974 133985 133977 133979 -120.0 2.5
134009 134012 134014 134016  0.0 0.0
134108 134119 134111 134113 -120.0 2.5
134143 134146 134148 134150  0.0 0.0
134242 134253 134245 134247 -120.0 2.5
134277 134280 134282 134284  0.0 0.0
134376 134387 134379 134381 -120.0 2.5
134411 134414 134416 134418  0.0 0.0
134510 134521 134513 134515 -120.0 2.5
134545 134548 134550 134552  0.0 0.0
134644 134655 134647 134649 -120.0 2.5
134679 134682 134684 134686  0.0 0.0
134778 134789 134781 134783 -120.0 2.5
134813 134816 134818 134820  0.0 0.0
134912 134923 134915 134917 -120.0 2.5
134947 134950 134952 134954  0.0 0.0
135046 135057 135049 135051 -120.0 2.5
135081 135084 135086 135088  0.0 0.0
135180 135191 135183 135185 -120.0 2.5
135215 135218 135220 135222  0.0 0.0
135314 135325 135317 135319 -120.0 2.5
135349 135352 135354 135356  0.0 0.0
135448 135459 135451 135453 -120.0 2.5
135483 135486 135488 135490  0.0 0.0
135582 135593 135585 135587 -120.0 2.5
135617 135620 135622 135624  0.0 0.0
135716 135727 135719 135721 -120.0 2.5
135751 135754 135756 135758  0.0 0.0
135850 135861 135853 135855 -120.0 2.5
135885 135888 135890 135892  0.0 0.0
135984 135995 135987 135989 -120.0 2.5
136019 136022 136024 136026  0.0 0.0
136118 136129 136121 136123 -120.0 2.5
136153 136156 136158 136160  0.0 0.0
136252 136263 136255 136257 -120.0 2.5
136287 136290 136292 136294  0.0 0.0
136386 136397 136389 136391 -120.0 2.5
136421 136424 136426 136428  0.0 0.0
136520 136531 136523 136525 -120.0 2.5
136555 136558 136560 136562  0.0 0.0
136654 136665 136657 136659 -120.0 2.5
136689 136692 136694 136696  0.0 0.0
136788 136799 136791 136793 -120.0 2.5
136823 136826 136828 136830  0.0 0.0
136922 136933 136925 136927 -120.0 2.5
136957 136960 136962 136964  0.0 0.0
137056 137067 137059 137061 -120.0 2.5
137091 137094 137096 137098  0.0 0.0
137190 137201 137193 137195 -120.0 2.5
137225 137228 137230 137232  0.0 0.0
137324 137335 137327 137329 -120.0 2.5
137359 137362 137364 137366  0.0 0.0
137458 137469 137461 137463 -120.0 2.5
137493 137496 137498 137500  0.0 0.0
137592 137603 137595 137597 -120.0 2.5
137627 137630 137632 137634  0.0 0.0
137726 137737 137729 137731 -120.0 2.5
137761 137764 137766 137768  0.0 0.0
137860 137871 137863 137865 -120.0 2.5
137895 137898 137900 137902  0.0 0.0
137994 138005 137997 137999 -120.0 2.5
138029 138032 138034 138036  0.0 0.0
138128 138139 138131 138133 -120.0 2.5
138163 138166 138168 138170  0.0 0.0
138262 138273 138265 138267 -120.0 2.5
138297 138300 138302 138304  0.0 0.0
138396 138407 138399 138401 -120.0 2.5
138431 138434 138436 138438  0.0 0.0
138530 138541 138533 138535 -120.0 2.5
138565 138568 138570 138572  0.0 0.0
138664 138675 138667 138669 -120.0 2.5
138699 138702 138704 138706  0.0 0.0
138798 138809 138801 138803 -120.0 2.5
138833 138836 138838 138840  0.0 0.0
138932 138943 138935 138937 -120.0 2.5
138967 138970 138972 138974  0.0 0.0
139066 139077 139069 139071 -120.0 2.5
139101 139104 139106 139108  0.0 0.0
139200 139211 139203 139205 -120.0 2.5
139235 139238 139240 139242  0.0 0.0
139334 139345 139337 139339 -120.0 2.5
139369 139372 139374 139376  0.0 0.0
139468 139479 139471 139473 -120.0 2.5
139503 139506 139508 139510  0.0 0.0
139602 139613 139605 139607 -120.0 2.5
139637 139640 139642 139644  0.0 0.0
139736 139747 139739 139741 -120.0 2.5
139771 139774 139776 139778  0.0 0.0
139870 139881 139873 139875 -120.0 2.5
139905 139908 139910 139912  0.0 0.0
140004 140015 140007 140009 -120.0 2.5
140039 140042 140044 140046  0.0 0.0
140138 140149 140141 140143 -120.0 2.5
140173 140176 140178 140180  0.0 0.0
140272 140283 140275 140277 -120.0 2.5
140307 140310 140312 140314  0.0 0.0
140406 140417 140409 140411 -120.0 2.5
140441 140444 140446 140448  0.0 0.0
140540 140551 140543 140545 -120.0 2.5
140575 140578 140580 140582  0.0 0.0
140674 140685 140677 140679 -120.0 2.5
140709 140712 140714 140716  0.0 0.0
140808 140819 140811 140813 -120.0 2.5
140843 140846 140848 140850  0.0 0.0
140942 140953 140945 140947 -120.0 2.5
140977 140980 140982 140984  0.0 0.0
141076 141087 141079 141081 -120.0 2.5
141111 141114 141116 141118  0.0 0.0
141210 141221 141213 141215 -120.0 2.5
141245 141248 141250 141252  0.0 0.0
141344 141355 141347 141349 -120.0 2.5
141379 141382 141384 141386  0.0 0.0
141478 141489 141481 141483 -120.0 2.5
141513 141516 141518 141520  0.0 0.0
141612 141623 141615 141617 -120.0 2.5
141647 141650 141652 141654  0.0 0.0
141746 141757 141749 141751 -120.0 2.5
141781 141784 141786 141788  0.0 0.0
141880 141891 141883 141885 -120.0 2.5
141915 141918 141920 141922  0.0 0.0
142014 142025 142017 142019 -120.0 2.5
142049 142052 142054 142056  0.0 0.0
142148 142159 142151 142153 -120.0 2.5
142183 142186 142188 142190  0.0 0.0
142282 142293 142285 142287 -120.0 2.5
142317 142320 142322 142324  0.0 0.0
142416 142427 142419 142421 -120.0 2.5
142451 142454 142456 142458  0.0 0.0
142550 142561 142553 142555 -120.0 2.5
142585 142588 142590 142592  0.0 0.0
142684 142695 142687 142689 -120.0 2.5
142719 142722 142724 142726  0.0 0.0
142818 142829 142821 142823 -120.0 2.5
142853 142856 142858 142860  0.0 0.0
142952 142963 142955 142957 -120.0 2.5
142987 142990 142992 142994  0.0 0.0
143086 143097 143089 143091 -120.0 2.5
143121 143124 143126 143128  0.0 0.0
143220 143231 143223 143225 -120.0 2.5
143255 143258 143260 143262  0.0 0.0
143354 143365 143357 143359 -120.0 2.5
143389 143392 143394 143396  0.0 0.0
143488 143499 143491 143493 -120.0 2.5
143523 143526 143528 143530  0.0 0.0
143622 143633 143625 143627 -120.0 2.5
143657 143660 143662 143664  0.0 0.0
143756 143767 143759 143761 -120.0 2.5
143791 143794 143796 143798  0.0 0.0
143890 143901 143893 143895 -120.0 2.5
143925 143928 143930 143932  0.0 0.0
144024 144035 144027 144029 -120.0 2.5
144059 144062 144064 144066  0.0 0.0
144158 144169 144161 144163 -120.0 2.5
144193 144196 144198 144200  0.0 0.0
144292 144303 144295 144297 -120.0 2.5
144327 144330 144332 144334  0.0 0.0
144426 144437 144429 144431 -120.0 2.5
144461 144464 144466 144468  0.0 0.0
144560 144571 144563 144565 -120.0 2.5
144595 144598 144600 144602  0.0 0.0
144694 144705 144697 144699 -120.0 2.5
144729 144732 144734 144736  0.0 0.0
144828 144839 144831 144833 -120.0 2.5
144863 144866 144868 144870  0.0 0.0
144962 144973 144965 144967 -120.0 2.5
144997 145000 145002 145004  0.0 0.0
145096 145107 145099 145101 -120.0 2.5
145131 145134 145136 145138  0.0 0.0
145230 145241 145233 145235 -120.0 2.5
145265 145268 145270 145272  0.0 0.0
145364 145375 145367 145369 -120.0 2.5
145399 145402 145404 145406  0.0 0.0
145498 145509 145501 145503 -120.0 2.5
145533 145536 145538 145540  0.0 0.0
145632 145643 145635 145637 -120.0 2.5
145667 145670 145672 145674  0.0 0.0
145766 145777 145769 145771 -120.0 2.5
145801 145804 145806 145808  0.0 0.0
145900 145911 145903 145905 -120.0 2.5
145935 145938 145940 145942  0.0 0.0
146034 146045 146037 146039 -120.0 2.5
146069 146072 146074 146076  0.0 0.0
146168 146179 146171 146173 -120.0 2.5
146203 146206 146208 146210  0.0 0.0
146302 146313 146305 146307 -120.0 2.5
146337 146340 146342 146344  0.0 0.0
146436 146447 146439 146441 -120.0 2.5
146471 146474 146476 146478  0.0 0.0
146570 146581 146573 146575 -120.0 2.5
146605 146608 146610 146612  0.0 0.0
146704 146715 146707 146709 -120.0 2.5
146739 146742 146744 146746  0.0 0.0
146838 146849 146841 146843 -120.0 2.5
146873 146876 146878 146880  0.0 0.0
146972 146983 146975 146977 -120.0 2.5
147007 147010 147012 147014  0.0 0.0
147106 147117 147109 147111 -120.0 2.5
147141 147144 147146 147148  0.0 0.0
147240 147251 147243 147245 -120.0 2.5
147275 147278 147280 147282  0.0 0.0
147374 147385 147377 147379 -120.0 2.5
147409 147412 147414 147416  0.0 0.0
147508 147519 147511 147513 -120.0 2.5
147543 147546 147548 147550  0.0 0.0
147642 147653 147645 147647 -120.0 2.5
147677 147680 147682 147684  0.0 0.0
147776 147787 147779 147781 -120.0 2.5
147811 147814 147816 147818  0.0 0.0
147910 147921 147913 147915 -120.0 2.5
147945 147948 147950 147952  0.0 0.0
148044 148055 148047 148049 -120.0 2.5
148079 148082 148084 148086  0.0 0.0
148178 148189 148181 148183 -120.0 2.5
148213 148216 148218 148220  0.0 0.0
148312 148323 148315 148317 -120.0 2.5
148347 148350 148352 148354  0.0 0.0
148446 148457 148449 148451 -120.0 2.5
148481 148484 148486 148488  0.0 0.0
148580 148591 148583 148585 -120.0 2.5
148615 148618 148620 148622  0.0 0.0
148714 148725 148717 148719 -120.0 2.5
148749 148752 148754 148756  0.0 0.0
148848 148859 148851 148853 -120.0 2.5
148883 148886 148888 148890  0.0 0.0
148982 148993 148985 148987 -120.0 2.5
149017 149020 149022 149024  0.0 0.0
149116 149127 149119 149121 -120.0 2.5
149151 149154 149156 149158  0.0 0.0
149250 149261 149253 149255 -120.0 2.5
149285 149288 149290 149292  0.0 0.0
149384 149395 149387 149389 -120.0 2.5
149419 149422 149424 149426  0.0 0.0
149518 149529 149521 149523 -120.0 2.5
149553 149556 149558 149560  0.0 0.0
149652 149663 149655 149657 -120.0 2.5
149687 149690 149692 149694  0.0 0.0
149786 149797 149789 149791 -120.0 2.5
149821 149824 149826 149828  0.0 0.0
149920 149931 149923 149925 -120.0 2.5
149955 149958 149960 149962  0.0 0.0
150054 150065 150057 150059 -120.0 2.5
150089 150092 150094 150096  0.0 0.0
150188 150199 150191 150193 -120.0 2.5
150223 150226 150228 150230  0.0 0.0
150322 150333 150325 150327 -120.0 2.5
150357 150360 150362 150364  0.0 0.0
150456 150467 150459 150461 -120.0 2.5
150491 150494 150496 150498  0.0 0.0
150590 150601 150593 150595 -120.0 2.5
150625 150628 150630 150632  0.0 0.0
150724 150735 150727 150729 -120.0 2.5
150759 150762 150764 150766  0.0 0.0
150858 150869 150861 150863 -120.0 2.5
150893 150896 150898 150900  0.0 0.0
150992 151003 150995 150997 -120.0 2.5
151027 151030 151032 151034  0.0 0.0
151126 151137 151129 151131 -120.0 2.5
151161 151164 151166 151168  0.0 0.0
151260 151271 151263 151265 -120.0 2.5
151295 151298 151300 151302  0.0 0.0
151394 151405 151397 151399 -120.0 2.5
151429 151432 151434 151436  0.0 0.0
151528 151539 151531 151533 -120.0 2.5
151563 151566 151568 151570  0.0 0.0
151662 151673 151665 151667 -120.0 2.5
151697 151700 151702 151704  0.0 0.0
151796 151807 151799 151801 -120.0 2.5
151831 151834 151836 151838  0.0 0.0
151930 151941 151933 151935 -120.0 2.5
151965 151968 151970 151972  0.0 0.0
152064 152075 152067 152069 -120.0 2.5
152099 152102 152104 152106  0.0 0.0
152198 152209 152201 152203 -120.0 2.5
152233 152236 152238 152240  0.0 0.0
152332 152343 152335 152337 -120.0 2.5
152367 152370 152372 152374  0.0 0.0
152466 152477 152469 152471 -120.0 2.5
152501 152504 152506 152508  0.0 0.0
152600 152611 152603 152605 -120.0 2.5
152635 152638 152640 152642  0.0 0.0
152734 152745 152737 152739 -120.0 2.5
152769 152772 152774 152776  0.0 0.0
152868 152879 152871 152873 -120.0 2.5
152903 152906 152908 152910  0.0 0.0
153002 153013 153005 153007 -120.0 2.5
153037 153040 153042 153044  0.0 0.0
153136 153147 153139 153141 -120.0 2.5
153171 153174 153176 153178  0.0 0.0
153270 153281 153273 153275 -120.0 2.5
153305 153308 153310 153312  0.0 0.0
153404 153415 153407 153409 -120.0 2.5
153439 153442 153444 153446  0.0 0.0
