43921
44055
44189
44323
44457
44591
44725
44859
44993
45127
45261
45395
45529
45663
45797
45931
46065
46199
46333
46467
46601
46735
46869
47003
47137
47271
47405
47539
47673
47807
47941
48075
48209
48343
48477
48611
48745
48879
49013
49147
49281
49415
49549
49683
49817
49951
50085
50219
50353
50487
50621
50755
50889
51023
51157
51291
51425
51559
51693
51827
51961
52095
52229
52363
52497
52631
52765
52899
53033
53167
53301
53435
53569
53703
53837
53971
54105
54239
54373
54507
54641
54775
54909
55043
55177
55311
55445
55579
55713
55847
55981
56115
56249
56383
56517
56651
56785
56919
57053
57187
57321
57455
57589
57723
57857
57991
58125
58259
58393
58527
58661
58795
58929
59063
59197
59331
59465
59599
59733
59867
60001
60135
60269
60403
60537
60671
60805
60939
61073
61207
61341
61475
61609
61743
61877
62011
62145
62279
62413
62547
62681
62815
62949
63083
63217
63351
63485
63619
63753
63887
64021
64155
64289
64423
64557
64691
64825
64959
65093
65227
65361
65495
65629
65763
65897
66031
66165
66299
66433
66567
66701
66835
66969
67103
67237
67371
67505
67639
67773
67907
68041
68175
68309
68443
68577
68711
68845
68979
69113
69247
69381
69515
69649
69783
69917
70051
70185
70319
70453
70587
70721
70855
70989
71123
71257
71391
71525
71659
71793
71927
72061
72195
72329
72463
72597
72731
72865
72999
73133
73267
73401
73535
73669
73803
73937
74071
74205
74339
74473
74607
74741
74875
75009
75143
75277
75411
75545
75679
75813
75947
76081
76215
76349
76483
76617
76751
76885
77019
77153
77287
77421
77555
77689
77823
77957
78091
78225
78359
78493
78627
78761
78895
79029
79163
79297
79431
79565
79699
79833
79967
80101
80235
80369
80503
80637
80771
80905
81039
81173
81307
81441
81575
81709
81843
81977
82111
82245
82379
82513
82647
82781
82915
83049
83183
83317
83451
83585
83719
83853
83987
84121
84255
84389
84523
84657
84791
84925
85059
85193
85327
85461
85595
85729
85863
85997
86131
86265
86399
86533
86667
86801
86935
87069
87203
87337
87471
87605
87739
87873
88007
88141
88275
88409
88543
88677
88811
88945
89079
89213
89347
89481
89615
89749
89883
90017
90151
90285
90419
90553
90687
90821
90955
91089
91223
91357
91491
91625
91759
91893
92027
92161
92295
92429
92563
92697
92831
92965
93099
93233
93367
93501
93635
93769
93903
94037
94171
94305
94439
94573
94707
94841
94975
95109
95243
95377
95511
95645
95779
95913
96047
96181
96315
96449
96583
96717
96851
96985
97119
97253
97387
97521
97655
97789
97923
98057
98191
98325
98459
98593
98727
98861
98995
99129
99263
99397
99531
99665
99799
99933
100067
100201
100335
100469
100603
100737
100871
101005
101139
101273
101407
101541
101675
101809
101943
102077
102211
102345
102479
102613
102747
102881
103015
103149
103283
103417
103551
103685
103819
103953
104087
104221
104355
104489
104623
104757
104891
105025
105159
105293
105427
105561
105695
105829
105963
106097
106231
106365
106499
106633
106767
106901
107035
107169
107303
107437
107571
107705
107839
107973
108107
108241
108375
108509
108643
108777
108911
109045
109179
109313
109447
109581
109715
109849
109983
110117
110251
110385
110519
110653
110787
110921
111055
111189
111323
111457
111591
111725
111859
111993
112127
112261
112395
112529
112663
112797
112931
113065
113199
113333
113467
113601
113735
113869
114003
114137
114271
114405
114539
114673
114807
114941
115075
115209
115343
115477
115611
115745
115879
116013
116147
116281
116415
116549
116683
116817
116951
117085
117219
117353
117487
117621
117755
117889
118023
118157
118291
118425
118559
118693
118827
118961
119095
119229
119363
119497
119631
119765
119899
120033
120167
120301
120435
120569
120703
120837
120971
121105
121239
121373
121507
121641
121775
121909
122043
122177
122311
122445
122579
122713
122847
122981
123115
123249
123383
123517
123651
123785
123919
124053
124187
124321
124455
124589
124723
124857
124991
125125
125259
125393
125527
125661
125795
125929
126063
126197
126331
126465
126599
126733
126867
127001
127135
127269
127403
127537
127671
127805
127939
128073
128207
128341
128475
128609
128743
128877
129011
129145
129279
129413
129547
129681
129815
129949
130083
130217
130351
130485
130619
130753
130887
131021
131155
131289
131423
131557
131691
131825
131959
132093
132227
132361
132495
132629
132763
132897
133031
133165
133299
133433
133567
133701
133835
133969
134103
134237
134371
134505
134639
134773
134907
135041
135175
135309
135443
135577
135711
135845
135979
136113
136247
136381
136515
136649
136783
136917
137051
137185
137319
137453
137587
137721
137855
137989
138123
138257
138391
138525
138659
138793
138927
139061
139195
139329
139463
139597
139731
139865
139999
140133
140267
140401
140535
140669
140803
140937
141071
141205
141339
141473
141607
141741
141875
142009
142143
142277
142411
142545
142679
142813
142947
143081
143215
143349
143483
143617
143751
143885
144019
144153
144287
144421
144555
144689
144823
144957
145091
145225
145359
145493
145627
145761
145895
146029
146163
146297
146431
146565
146699
146833
146967
147101
147235
147369
147503
147637
147771
147905
148039
148173
148307
148441
148575
148709
148843
148977
149111
149245
149379
149513
149647
149781
149915
150049
150183
150317
150451
150585
150719
150853
150987
151121
151255
151389
151523
151657
151791
151925
152059
152193
152327
152461
152595
152729
152863
152997
153131
153265
153399
