43921
44055
44189
44323
44457
44591
44725
44859
44993
45127
45261
45395
45529
45663
45797
45931
46065
46199
46333
46467
46601
46735
46869
47003
47137
47271
47405
47539
47673
47807
47941
48075
48209
48343
48477
48611
48745
48879
49013
49147
49281
49415
49549
49683
49817
49951
50085
50219
50353
50487
50621
50755
50889
51023
51157
51291
51425
51559
51693
51827
51961
52095
52229
52363
52497
52631
52765
52899
53033
53167
53301
53435
53569
53703
53837
53971
54105
54239
54373
54507
54641
54775
54909
55043
55177
55311
55445
55579
55713
55847
55981
56115
56249
56383
56517
56651
56785
56919
57053
57187
57321
57455
57589
57723
57857
57991
58125
58259
58393
58527
58661
58795
58929
59063
59197
59331
59465
59599
59733
59867
60001
60135
60269
60403
60537
60671
60805
60939
61073
61207
61341
61475
61609
61743
61877
62011
62145
62279
62413
62547
62681
62815
62949
63083
63217
63351
63485
63619
63753
63887
64021
64155
64289
64423
64557
64691
64825
64959
65093
65227
65361
65495
65629
65763
65897
66031
66165
66299
66433
66567
66701
66835
66969
67103
67237
67371
67505
67639
67773
67907
68041
68175
68309
68443
68577
68711
68845
68979
69113
69247
69381
69515
69649
69783
69917
70051
70185
70319
70453
70587
70721
70855
70989
71123
71257
71391
71525
71659
71793
71927
72061
72195
72329
72463
72597
72731
72865
72999
73133
73267
73401
73535
73669
73803
73937
74071
74205
74339
74473
74607
74741
74875
75009
75143
75277
75411
75545
75679
75813
75947
76081
76215
76349
76483
76617
76751
76885
77019
77153
77287
77421
77555
77689
77823
77957
78091
78225
78359
78493
78627
78761
78895
79029
79163
79297
79431
79565
79699
79833
79967
80101
80235
80369
80503
80637
80771
80905
81039
81173
81307
81441
81575
81709
81843
81977
82111
82245
82379
82513
82647
82781
82915
83049
83183
83317
83451
83585
83719
83853
83987
84121
84255
84389
84523
84657
84791
84925
85059
85193
85327
85461
85595
85729
85863
85997
86131
86265
86399
86533
86667
86801
86935
87069
87203
87337
87471
87605
87739
87873
88007
88141
88275
88409
88543
88677
88811
88945
89079
89213
89347
89481
89615
89749
89883
90017
90151
90285
90419
90553
90687
90821
90955
91089
91223
91357
91491
91625
91759
91893
92027
92161
92295
92429
92563
92697
92831
92965
93099
93233
93367
93501
93635
93769
93903
94037
94171
94305
94439
94573
94707
94841
94975
95109
95243
95377
95511
95645
95779
95913
96047
96181
96315
96449
96583
96717
96851
96985
97119
97253
97387
97521
97655
97789
97923
